0
0
0
0
-1
0
0
0
0
0
0
0
0
0
0
0
0
0
0
0
0
0
0
0
-1
-1
0
1
1
0
0
-1
0
-1
-1
0
0
0
-3
-2
-1
0
-1
-1
-1
0
-2
0
-1
0
0
0
0
0
0
0
0
0
0
0
0
1
3
3
5
2
3
-2
5
2
1
2
-7
1
12
10
3
-6
0
-1
-1
-4
-1
-5
-3
-3
-2
0
-1
-1
-2
0
-2
0
-1
-2
-2
0
-1
0
-1
0
0
0
0
0
-1
0
0
-1
1
1
0
0
6
5
0
0
-2
2
-7
1
4
-2
6
2
11
13
7
-11
-3
2
-7
-5
-6
0
0
0
0
1
0
-1
0
0
0
0
-1
0
0
0
0
0
0
0
1
0
0
1
0
3
0
3
2
4
15
0
0
15
2
-4
7
-5
6
7
-4
4
-5
2
-1
-4
-4
-3
1
-9
-1
1
3
-3
1
-1
0
-3
0
0
0
-1
0
0
0
0
0
0
0
0
0
0
2
0
1
0
8
10
-4
6
-1
-4
-12
-1
10
8
11
-2
2
-5
18
16
0
-16
-20
-5
0
0
-1
0
0
-3
-1
0
0
-2
0
0
0
-1
0
-1
0
0
-2
0
1
0
0
1
0
0
5
6
15
7
-10
1
4
7
-10
-4
11
15
0
4
5
-6
-6
-2
-7
-3
-4
-1
0
1
-2
0
-1
-1
1
-1
0
-1
0
0
0
0
0
0
0
0
0
0
0
0
0
0
0
0
0
0
0
0
-1
0
0
0
0
0
-2
0
0
0
0
-1
0
-2
0
0
-1
0
0
0
-6
0
0
0
0
-1
0
0