-0.06666666666666667
-0.06666666666666667
-0.06666666666666667
-0.06666666666666667
0.16666666666666666
0.5517241379310345
0.5517241379310345
0.5517241379310345
0.5517241379310345
0.5517241379310345
0.5517241379310345
0.5517241379310345
0.5517241379310345
0.5517241379310345
0.5517241379310345
0.5517241379310345
0.5517241379310345
0.5517241379310345
0.5517241379310345
0.2
0.0
0.0
0.5
-0.3333333333333333
-0.3333333333333333
0.8
0.8
0.8
-0.875
-0.375
-0.375
-1.5
0.0
-1.4444444444444444
-1.4444444444444444
-1.4444444444444444
-0.7142857142857143
-1.4444444444444444
-0.3333333333333333
0.1111111111111111
-1.5
0.1111111111111111
0.1111111111111111
0.1111111111111111
-1.5
0.0
-0.16666666666666666
-0.06666666666666667
0.16666666666666666
0.5517241379310345
0.5517241379310345
0.5517241379310345
0.5517241379310345
0.5517241379310345
0.5517241379310345
0.5517241379310345
0.0
0.0
13.2
13.2
5.428571428571429
5.428571428571429
2.2222222222222223
-5.8
-5.8
2.2222222222222223
2.2222222222222223
-5.142857142857143
-5.142857142857143
0.7500000000000009
-5.8
-5.8
0.7500000000000009
-5.8
-5.8
0.7500000000000009
-6.0
0.0
-1.4444444444444444
-1.4444444444444444
-1.4444444444444444
-0.3333333333333333
-0.3333333333333333
0.0
-0.3333333333333333
-0.3333333333333333
0.1111111111111111
0.1111111111111111
0.1111111111111111
0.1111111111111111
0.1111111111111111
0.1111111111111111
0.1111111111111111
0.1111111111111111
0.1111111111111111
0.1111111111111111
-1.5
0.0
-0.3333333333333333
-0.06666666666666667
0.16666666666666666
0.2
-0.06666666666666667
-0.06666666666666667
0.0
0.5
-0.3333333333333333
0.8
0.8
2.2222222222222223
5.428571428571429
13.2
13.2
2.2222222222222223
2.2222222222222223
-6.0
0.42857142857142855
-1.8333333333333333
-1.8333333333333333
-5.142857142857143
-5.142857142857143
-5.8
-0.5714285714285714
-0.5714285714285714
0.5
6.6
6.6
8.666666666666666
-1.2
0.6666666666666666
-0.8333333333333334
0.42857142857142855
0.0
0.0
-0.8333333333333334
0.0
-0.3333333333333333
-0.3333333333333333
-0.3333333333333333
-0.3333333333333333
-0.06666666666666667
0.0
-0.06666666666666667
-0.06666666666666667
-0.06666666666666667
-0.06666666666666667
0.16666666666666666
0.5517241379310345
0.5517241379310345
0.0
0.0
0.0
0.0
0.0
0.0
0.0
13.2
13.2
13.2
5.428571428571429
5.428571428571429
5.428571428571429
-0.5714285714285714
-9.11111111111111
-3.4
-5.8
-5.8
6.6
6.6
-5.142857142857143
6.6
-5.142857142857143
-5.142857142857143
-6.0
0.42857142857142855
-6.0
0.42857142857142855
0.42857142857142855
-2.8
-0.8333333333333334
-0.8333333333333334
-0.8333333333333334
0.42857142857142855
-0.8333333333333334
-1.8333333333333333
-1.8333333333333333
-6.0
-0.8333333333333334
-1.8333333333333333
-1.8333333333333333
-1.8333333333333333
-1.8333333333333333
-0.06666666666666667
-0.06666666666666667
-0.06666666666666667
0.16666666666666666
0.5517241379310345
0.5517241379310345
0.5517241379310345
0.5517241379310345
0.5517241379310345
3.857142857142857
3.857142857142857
1.8
1.8
13.2
5.428571428571429
-5.8
6.6
-5.8
-5.8
8.666666666666666
-5.142857142857143
8.666666666666666
8.666666666666666
12.0
6.6
0.5
0.5
0.5
-0.5714285714285714
-3.4
-5.8
8.666666666666666
8.666666666666666
8.666666666666666
-1.1666666666666667
12.0
12.0
0.0
-1.8333333333333333
-1.4444444444444444
-0.7142857142857143
-1.8333333333333333
-1.4444444444444444
0.0
-0.16666666666666666
0.0
0.0
-0.16666666666666666
0.0
0.0
0.0
-0.375
0.0
-0.3333333333333333
0.5
0.5
-0.3333333333333333
0.0
0.0
0.0
13.2
12.0
-0.5714285714285714
0.5
0.5
0.5
0.5
-6.0
-5.142857142857143
0.7500000000000009
0.5
6.6
12.0
0.5
0.5
0.7500000000000009
-5.142857142857143
-1.2
-1.2
-1.1666666666666667
0.0
-0.3333333333333333
-0.8333333333333334
0.42857142857142855
-0.8333333333333334
-0.375
-0.375
-0.375
-1.5
-0.375
-0.375
-1.5
0.5
-0.3333333333333333
-0.06666666666666667
0.16666666666666666
0.5517241379310345
0.5517241379310345
0.5517241379310345
0.5517241379310345
0.5517241379310345
0.5517241379310345
0.5517241379310345
0.5517241379310345
0.5517241379310345
0.5517241379310345
0.5517241379310345
0.5517241379310345
0.5517241379310345
0.5517241379310345
0.5517241379310345
0.2
-0.06666666666666667
-0.06666666666666667
-0.06666666666666667
-0.06666666666666667
0.16666666666666666
-0.875
0.0
0.0
0.0
0.0
-0.16666666666666666
-0.06666666666666667
-0.875
0.0
0.0
-0.375
0.0
-0.16666666666666666
-0.06666666666666667
-6.0
-0.7142857142857143
-0.7142857142857143
-0.7142857142857143
-0.7142857142857143
0.0