0.0
0.0
0.0
0.0
-0.1
0.10344827586206896
0.10344827586206896
0.10344827586206896
0.10344827586206896
0.10344827586206896
0.10344827586206896
0.10344827586206896
0.10344827586206896
0.10344827586206896
0.10344827586206896
0.10344827586206896
0.10344827586206896
0.10344827586206896
0.10344827586206896
0.4444444444444444
0.4444444444444444
0.0
0.1111111111111111
0.1111111111111111
0.1111111111111111
0.1111111111111111
-1.1666666666666667
-1.1666666666666667
-1.1666666666666667
0.4444444444444444
0.0
-0.1
0.0
-1.1428571428571428
-1.1428571428571428
-1.1428571428571428
-1.1428571428571428
0.2857142857142857
-0.4
0.2857142857142857
0.2857142857142857
0.2857142857142857
0.2857142857142857
0.2857142857142857
-0.16666666666666666
0.0
-0.1111111111111111
0.0
-0.1
0.10344827586206896
0.10344827586206896
0.10344827586206896
0.10344827586206896
0.10344827586206896
0.10344827586206896
0.10344827586206896
0.1111111111111111
1.8571428571428572
1.8571428571428572
18.666666666666668
18.666666666666668
18.666666666666668
-3.4
3.0
4.6
2.0
2.0
-6.0
4.6
3.0
3.0
2.0
2.0
2.0
4.6
4.6
-6.0
-1.5714285714285714
-1.1666666666666667
-1.1666666666666667
-7.166666666666667
-0.4
-1.1666666666666667
-1.5714285714285714
-0.4
0.2857142857142857
-0.4
0.2857142857142857
0.2857142857142857
0.2857142857142857
0.2857142857142857
0.2857142857142857
-0.4
0.2857142857142857
0.2857142857142857
0.2857142857142857
-0.1111111111111111
0.0
-0.1
0.0
-0.1
0.4444444444444444
0.0
0.0
0.4444444444444444
0.1111111111111111
1.8571428571428572
0.1111111111111111
0.1111111111111111
3.0
18.666666666666668
2.0
2.0
4.6
4.6
-6.0
-6.0
9.6
-6.0
9.6
9.6
3.0
-3.0000000000000058
-3.0000000000000058
-3.4
-3.4
-3.4
-0.8333333333333334
-7.166666666666667
0.6666666666666666
0.6666666666666666
-7.166666666666667
-1.5714285714285714
-1.5714285714285714
-1.5714285714285714
0.1111111111111111
-1.1666666666666667
0.1111111111111111
0.1111111111111111
-1.1666666666666667
0.0
0.0
0.0
0.0
0.0
0.0
-0.1
0.10344827586206896
0.10344827586206896
0.1111111111111111
0.1111111111111111
0.1111111111111111
1.7142857142857142
1.7142857142857142
1.8571428571428572
2.0
1.8571428571428572
2.0
18.666666666666668
6.285714285714286
-3.0
-3.0
6.285714285714286
-1.1111111111111112
-3.0
3.0
-3.0
-3.4
3.0
2.0
-1.1111111111111112
1.125
-1.1111111111111112
-0.2
-6.0
-6.0
0.6666666666666666
-6.0
-7.166666666666667
-0.6666666666666666
-1.5714285714285714
0.6666666666666666
-6.0
0.6666666666666666
-0.8333333333333334
-0.8333333333333334
-0.8333333333333334
-0.6666666666666666
-0.25
-0.16666666666666666
-1.1428571428571428
-0.6666666666666666
0.0
0.0
0.0
-0.1
0.10344827586206896
0.10344827586206896
0.10344827586206896
0.10344827586206896
0.10344827586206896
1.8571428571428572
1.7142857142857142
1.125
1.125
6.285714285714286
6.285714285714286
4.6
3.0
-1.1111111111111112
4.6
-0.8333333333333334
9.6
9.6
9.6
1.1428571428571428
3.0
-3.0000000000000058
-3.4
-3.0000000000000058
-3.0000000000000058
3.0
4.142857142857143
-0.8333333333333334
-0.8333333333333334
-2.2
-1.0
-0.6
-0.6
-1.5714285714285714
-1.1428571428571428
-1.1428571428571428
-0.16666666666666666
-1.1428571428571428
-1.1428571428571428
-0.6666666666666666
-0.1
0.23076923076923078
0.4444444444444444
-0.1111111111111111
0.4444444444444444
0.0
0.0
-1.1428571428571428
0.0
-0.1111111111111111
0.1111111111111111
0.1111111111111111
-0.6666666666666666
1.7142857142857142
-0.2
18.666666666666668
18.666666666666668
6.285714285714286
-3.0000000000000058
-3.4
-1.1111111111111112
-1.1111111111111112
-3.4
-0.8333333333333334
9.6
3.0
-3.0000000000000058
-3.4
1.1428571428571428
3.0
-3.4
-3.0
-6.0
-6.0
-7.166666666666667
-0.4
-0.6
-0.4
-1.5714285714285714
-0.5714285714285714
-1.5714285714285714
-0.5714285714285714
-0.25
-0.5714285714285714
-0.5714285714285714
-0.5714285714285714
-0.5714285714285714
-0.5714285714285714
-1.1666666666666667
-0.1
0.0
-0.1
0.10344827586206896
0.10344827586206896
0.10344827586206896
0.10344827586206896
0.10344827586206896
0.10344827586206896
0.10344827586206896
0.10344827586206896
0.10344827586206896
0.10344827586206896
0.10344827586206896
0.10344827586206896
0.10344827586206896
0.10344827586206896
0.10344827586206896
0.4444444444444444
0.0
0.0
0.0
0.0
-0.1
0.4444444444444444
0.23076923076923078
0.23076923076923078
0.23076923076923078
0.23076923076923078
-0.1
0.0
0.4444444444444444
0.0
0.0
-1.1428571428571428
0.0
-0.1111111111111111
0.0
-1.1666666666666667
-1.1666666666666667
-1.1666666666666667
-1.1666666666666667
-1.1666666666666667
-1.5714285714285714