0
-1
0
0
0
-2
0
0
0
0
0
0
0
0
0
1
0
0
1
0
0
0
-1
0
0
0
0
0
0
0
0
2
0
1
0
-1
0
-1
-2
1
0
0
-3
-2
0
0
-2
0
-1
0
0
0
0
0
0
0
0
0
-2
0
1
0
2
0
0
5
5
8
12
-4
2
-2
-2
-2
5
15
-4
0
7
4
-5
-3
-9
0
-5
-5
2
-2
-1
-3
3
2
-1
-2
-3
-3
0
-4
0
-2
0
0
0
0
0
0
0
-1
3
1
5
0
0
-1
4
4
3
4
1
17
5
-3
-13
0
-2
-1
7
3
-3
3
-11
-5
-5
-3
-5
1
-2
0
-1
0
-2
1
-1
0
-1
-2
0
0
0
0
0
-1
0
0
0
0
0
0
2
0
2
1
2
3
6
16
7
47
4
1
-21
-10
4
5
-9
-2
-2
-2
-11
-10
-3
-2
-1
0
-2
-2
0
-1
2
0
-1
-2
0
0
-2
0
0
0
0
0
0
-2
0
0
0
0
2
0
0
11
9
0
13
10
0
9
-5
-12
1
12
14
-1
1
2
-1
-4
-7
-8
-10
-4
-2
1
-1
2
1
1
-1
0
-2
0
-4
0
0
-1
0
0
-2
0
0
0
0
0
0
0
0
2
8
3
24
10
-14
-1
-7
11
-14
0
4
18
12
4
-1
2
-4
-14
-2
0
-6
-1
-1
0
0
-1
-2
0
-1
-5
-1
-3
0
-2
0
-2
0
-1
0
0
0
0
0
0
0
3
0
0
0
0
0
0
0
0
0
0
0
0
0
-1
1
0
0
-1
-1
0
0
0
0
0
0
-1
0
0
0
0
0
-1
0
0
0
0