-3
0
0
0
0
-1
0
0
0
0
0
0
0
0
1
-1
0
0
0
0
-2
0
0
-2
0
0
0
-1
0
-2
0
-3
0
-5
0
-3
-2
-1
0
-1
0
-4
-2
0
0
-1
0
0
0
0
-1
0
0
0
0
0
0
0
0
0
0
0
2
-1
4
2
10
8
14
10
7
10
1
1
3
2
8
9
-5
5
-2
-9
4
-6
-8
-1
-8
-3
-1
-4
-4
-1
-1
-2
-2
0
0
-2
-1
0
-1
0
0
0
-1
0
0
0
0
0
0
-1
-1
3
7
8
12
1
7
-1
-14
3
14
0
0
12
5
6
7
-2
-19
-3
-15
-12
-2
-3
-2
-1
0
0
-2
-1
-1
0
0
0
0
0
0
0
0
0
0
0
0
0
0
0
0
4
1
6
6
8
10
3
-2
6
-2
-6
16
8
-4
8
5
1
11
8
1
-22
-6
-8
-9
-4
-5
-2
-2
0
-6
-3
0
-1
0
0
-3
0
0
0
0
0
-1
0
0
0
0
0
0
1
1
7
11
12
6
-1
0
-3
-9
-2
12
7
4
-1
6
-3
-1
-3
-7
-6
-10
-4
-6
-1
2
-1
-4
-2
0
-2
0
-1
-1
0
0
-1
-1
0
0
0
-1
0
-1
0
1
-2
0
1
3
5
13
11
9
6
13
6
-7
7
-2
-1
12
6
-5
2
-7
-3
-7
-16
-4
-4
-3
-4
0
0
-2
0
-1
0
-1
-1
-2
0
0
-1
0
0
0
0
-1
0
-1
0
0
0
0
0
0
0
0
0
0
0
0
-1
0
0
-1
0
0
-1
-4
-1
-1
0
-2
-2
-1
-1
0
-2
0
0
0
0
0
0
-1
-2