-0.10022271714922049
-0.10022271714922049
-0.10022271714922049
-0.10022271714922049
-0.10022271714922049
-0.10022271714922049
-0.10022271714922049
-0.10022271714922049
-0.10022271714922049
0.8411214953271028
-0.10022271714922049
-0.10022271714922049
-0.10022271714922049
-0.10022271714922049
-0.10022271714922049
-0.10022271714922049
-0.10022271714922049
-0.10022271714922049
-0.10022271714922049
-0.10022271714922049
-0.10022271714922049
-0.10022271714922049
-0.10022271714922049
-0.10022271714922049
-0.10022271714922049
-0.10022271714922049
-0.10022271714922049
-0.10022271714922049
-0.10022271714922049
-0.10022271714922049
-0.10022271714922049
-1.1238938053097345
-0.10022271714922049
-0.10022271714922049
-0.10022271714922049
-0.10022271714922049
-0.10022271714922049
-0.10022271714922049
-0.10022271714922049
-0.10022271714922049
-0.10022271714922049
-0.10022271714922049
-0.10022271714922049
-0.10022271714922049
-0.10022271714922049
-0.10022271714922049
-0.10022271714922049
-0.10022271714922049
-0.10022271714922049
-0.10022271714922049
-0.10022271714922049
-0.10022271714922049
-0.10022271714922049
-0.10022271714922049
-0.10022271714922049
-0.10022271714922049
-0.10022271714922049
2.275
-0.2993421052631579
6.166666666666667
10.0
3.857142857142857
2.6153846153846154
0.3888888888888889
0.3888888888888889
-10.2
-10.2
-0.13461538461538433
-0.13461538461538433
-0.13461538461538433
-0.2993421052631579
-0.2993421052631579
1.6666666666666667
-0.2993421052631579
-0.29310344827586204
-0.2993421052631579
-0.2993421052631579
-0.2993421052631579
-3.130434782608695
-1.3823529411764706
-3.130434782608695
-3.130434782608695
-3.130434782608695
-0.427536231884058
-0.427536231884058
-1.1238938053097345
-0.427536231884058
-0.10022271714922049
-0.10022271714922049
-0.10022271714922049
-0.10022271714922049
-0.10022271714922049
-0.10022271714922049
-0.10022271714922049
-0.10022271714922049
-0.10022271714922049
-0.10022271714922049
-0.10022271714922049
-0.10022271714922049
-0.10022271714922049
-0.10022271714922049
-0.10022271714922049
-0.10022271714922049
-0.10022271714922049
-0.10022271714922049
-0.10022271714922049
-0.10022271714922049
-0.10022271714922049
2.275
7.833333333333333
6.75
0.3888888888888889
-9.4
-0.625
-0.13461538461538433
2.45
2.45
6.5
2.45
-2.5
-0.29310344827586204
-2.7142857142857144
-0.13461538461538433
0.3888888888888889
-1.4
2.45
3.9
4.285714285714286
4.285714285714286
-1.1238938053097345
-0.427536231884058
-1.1238938053097345
-0.427536231884058
-0.10022271714922049
-0.10022271714922049
-0.10022271714922049
-0.10022271714922049
-0.10022271714922049
-0.10022271714922049
-0.10022271714922049
-0.10022271714922049
-0.10022271714922049
-0.10022271714922049
-0.10022271714922049
-0.10022271714922049
-0.10022271714922049
-0.10022271714922049
-0.10022271714922049
-0.10022271714922049
-0.10022271714922049
-0.10022271714922049
-0.10022271714922049
-0.10022271714922049
-0.10022271714922049
4.333333333333333
3.238095238095238
5.666666666666667
1.6666666666666667
2.6153846153846154
0.3888888888888889
-6.333333333333333
-0.13461538461538433
-6.333333333333333
-0.2993421052631579
-0.2993421052631579
-0.29310344827586204
-0.29310344827586204
-0.2993421052631579
-0.29310344827586204
0.3888888888888889
-0.13461538461538433
-1.4
0.3888888888888889
-0.13461538461538433
12.5
-8.375
4.285714285714286
-1.3823529411764706
-1.1238938053097345
-0.427536231884058
-0.427536231884058
-0.427536231884058
-0.427536231884058
-1.1238938053097345
-1.1238938053097345
-0.10022271714922049
-0.10022271714922049
-0.10022271714922049
-0.10022271714922049
-0.10022271714922049
-0.10022271714922049
-0.10022271714922049
-0.10022271714922049
-0.10022271714922049
-0.10022271714922049
-0.10022271714922049
-0.10022271714922049
-0.10022271714922049
-0.10022271714922049
-0.10022271714922049
-0.10022271714922049
-0.10022271714922049
0.8411214953271028
3.238095238095238
2.8
9.8
0.3888888888888889
-0.625
-0.625
-0.13461538461538433
-0.2993421052631579
-0.2993421052631579
-2.0
0.48
-0.4230769230769231
-0.4230769230769231
2.1
0.28571428571428775
-0.2993421052631579
-0.2993421052631579
-0.2993421052631579
-2.0
-1.3823529411764706
-1.1238938053097345
-1.1238938053097345
-1.1238938053097345
-0.427536231884058
-0.427536231884058
-0.427536231884058
-1.1238938053097345
-0.10022271714922049
-0.10022271714922049
-0.10022271714922049
-0.10022271714922049
-0.10022271714922049
-0.10022271714922049
-0.10022271714922049
-0.10022271714922049
-0.10022271714922049
-0.10022271714922049
-0.10022271714922049
-0.10022271714922049
-0.10022271714922049
-0.10022271714922049
-0.10022271714922049
-0.10022271714922049
-0.10022271714922049
-0.10022271714922049
-0.10022271714922049
-0.10022271714922049
-0.10022271714922049
2.6666666666666665
9.285714285714286
8.0
0.3888888888888889
0.3888888888888889
-10.2
0.3888888888888889
-0.13461538461538433
0.14285714285714285
-0.625
-0.2993421052631579
-0.2993421052631579
-0.29310344827586204
-0.29310344827586204
-0.2993421052631579
-0.4230769230769231
-0.2993421052631579
-0.2993421052631579
-1.3823529411764706
-1.1238938053097345
-1.1238938053097345
-0.427536231884058
-1.1238938053097345
-0.427536231884058
-0.427536231884058
-0.427536231884058
-1.1238938053097345
-0.10022271714922049
-0.10022271714922049
-0.10022271714922049
-0.10022271714922049
-0.10022271714922049
-0.10022271714922049
-0.10022271714922049
-0.10022271714922049
-0.10022271714922049
-0.10022271714922049
-0.10022271714922049
-0.10022271714922049
-0.10022271714922049
-0.10022271714922049
-0.10022271714922049
-0.10022271714922049
-0.10022271714922049
-0.10022271714922049
-0.10022271714922049
-0.10022271714922049
-0.10022271714922049
-0.10022271714922049
-0.10022271714922049
-0.10022271714922049
-0.10022271714922049
-0.10022271714922049
-0.10022271714922049
-0.10022271714922049
-0.10022271714922049
-0.10022271714922049
-0.10022271714922049
-0.10022271714922049
-0.10022271714922049
-0.10022271714922049
-0.10022271714922049
-0.10022271714922049
-0.10022271714922049
-0.10022271714922049
-0.10022271714922049
-0.10022271714922049
-0.10022271714922049
-0.10022271714922049
-0.10022271714922049
-0.10022271714922049
-0.10022271714922049
-0.10022271714922049
-0.10022271714922049
-0.10022271714922049
-0.10022271714922049
-0.10022271714922049
-0.10022271714922049