-0.04467871485943775
-0.04467871485943775
-0.04467871485943775
-0.04467871485943775
-0.04467871485943775
-0.04467871485943775
-0.04467871485943775
-0.04467871485943775
-0.04467871485943775
-0.04467871485943775
-0.04467871485943775
-0.04467871485943775
-0.04467871485943775
-0.04467871485943775
-0.04467871485943775
-0.04467871485943775
-0.04467871485943775
-0.04467871485943775
-0.04467871485943775
-0.04467871485943775
-0.04467871485943775
-0.04467871485943775
-0.04467871485943775
-0.04467871485943775
-0.04467871485943775
-0.04467871485943775
-0.04467871485943775
-0.04467871485943775
-0.7728706624605678
-0.7728706624605678
-0.7728706624605678
-0.7728706624605678
-0.7728706624605678
-0.1359773371104816
-0.7728706624605678
-0.1359773371104816
-0.7728706624605678
-0.7728706624605678
-0.04467871485943775
-0.04467871485943775
-0.04467871485943775
-0.1359773371104816
-0.04467871485943775
-0.04467871485943775
-0.04467871485943775
-0.04467871485943775
-0.04467871485943775
-0.04467871485943775
-0.04467871485943775
-0.04467871485943775
-0.04467871485943775
-0.04467871485943775
-0.04467871485943775
-0.04467871485943775
-0.04467871485943775
-0.04467871485943775
-0.04467871485943775
0.5327102803738317
-0.04467871485943775
1.3508771929824566
2.772727272727273
2.3
2.1379310344827585
3.0
-0.833333333333338
-0.833333333333338
-1.894736842105263
-10.5
-1.0081967213114753
-7.857142857142857
1.1111111111111112
1.1111111111111112
10.4
2.3333333333333317
7.666666666666667
2.3333333333333317
0.17647058823529413
0.5327102803738317
-4.0476190476190474
-2.379310344827586
-3.227272727272727
-3.227272727272727
-3.227272727272727
-0.1359773371104816
-0.1359773371104816
-0.7728706624605678
-0.1359773371104816
-0.7728706624605678
-0.7728706624605678
-0.7728706624605678
-0.1359773371104816
-0.7728706624605678
-0.7728706624605678
-0.7728706624605678
-0.04467871485943775
-0.04467871485943775
-0.04467871485943775
-0.04467871485943775
-0.04467871485943775
-0.04467871485943775
-0.04467871485943775
-0.04467871485943775
-0.04467871485943775
-0.04467871485943775
-0.04467871485943775
-0.04467871485943775
-0.04467871485943775
-0.04467871485943775
1.3508771929824566
4.333333333333333
2.3
3.0
-1.894736842105263
2.1379310344827585
-10.5
-1.0081967213114753
-1.0081967213114753
2.8
8.142857142857142
0.5327102803738317
7.0
-1.894736842105263
-10.5
2.1379310344827585
-1.894736842105263
-1.0081967213114753
-0.04467871485943775
-6.777777777777778
-6.777777777777778
-0.7728706624605678
-0.1359773371104816
-0.7728706624605678
-0.1359773371104816
-0.1359773371104816
-0.7728706624605678
-0.7728706624605678
-0.7728706624605678
-0.7728706624605678
-0.04467871485943775
-0.04467871485943775
-0.04467871485943775
-0.04467871485943775
-0.04467871485943775
-0.04467871485943775
-0.04467871485943775
-0.04467871485943775
-0.04467871485943775
-0.04467871485943775
-0.04467871485943775
-0.04467871485943775
-0.04467871485943775
-0.04467871485943775
-0.04467871485943775
-0.04467871485943775
2.4
1.4102564102564104
11.5
11.5
7.833333333333333
2.1379310344827585
-1.894736842105263
-10.5
-1.894736842105263
-1.0833333333333333
0.9166666666666666
2.8
2.8
-1.0081967213114753
0.5523809523809524
0.5523809523809524
-1.0081967213114753
0.5523809523809524
0.5523809523809524
-10.5
-1.0081967213114753
-0.04467871485943775
0.9166666666666666
0.9166666666666666
-0.7728706624605678
-0.1359773371104816
-0.1359773371104816
-0.1359773371104816
-0.1359773371104816
-0.7728706624605678
-0.7728706624605678
-0.7728706624605678
-0.7728706624605678
-0.04467871485943775
-0.1359773371104816
-0.04467871485943775
-0.04467871485943775
-0.04467871485943775
-0.04467871485943775
-0.04467871485943775
-0.1359773371104816
-0.04467871485943775
-0.04467871485943775
-0.04467871485943775
-0.04467871485943775
-0.04467871485943775
-0.04467871485943775
-0.04467871485943775
-0.04467871485943775
0.5327102803738317
5.0
9.857142857142858
6.714285714285714
2.1379310344827585
-1.894736842105263
-10.5
-1.0081967213114753
-1.7999999999999985
-4.0476190476190474
-0.1359773371104816
4.333333333333333
4.333333333333333
9.777777777777779
0.5523809523809524
-1.0081967213114753
0.1111111111111111
0.5327102803738317
-4.0476190476190474
-2.379310344827586
-0.7728706624605678
-0.7728706624605678
-0.7728706624605678
-0.1359773371104816
-0.1359773371104816
-0.1359773371104816
-0.7728706624605678
-0.1359773371104816
-0.7728706624605678
-0.7728706624605678
-0.7728706624605678
-0.1359773371104816
-0.7728706624605678
-0.04467871485943775
-0.04467871485943775
-0.04467871485943775
-0.7728706624605678
-0.04467871485943775
-0.04467871485943775
-0.04467871485943775
-0.04467871485943775
-0.04467871485943775
-0.04467871485943775
-0.04467871485943775
-0.04467871485943775
-0.04467871485943775
-0.04467871485943775
-0.04467871485943775
1.3508771929824566
1.3508771929824566
11.6
6.714285714285714
8.833333333333334
-0.833333333333338
-0.833333333333338
-10.5
-1.0081967213114753
-1.894736842105263
12.4
-1.0081967213114753
2.3
-0.2
-1.0081967213114753
1.3508771929824566
0.7209302325581395
-1.7999999999999985
-2.379310344827586
-5.75
-0.7728706624605678
-0.1359773371104816
-0.7728706624605678
-0.1359773371104816
-0.1359773371104816
-0.1359773371104816
-0.7728706624605678
-0.1359773371104816
-0.1359773371104816
-0.04467871485943775
-0.04467871485943775
-0.7728706624605678
-0.7728706624605678
-0.7728706624605678
-0.04467871485943775
-0.7728706624605678
-0.04467871485943775
-0.04467871485943775
-0.04467871485943775
-0.04467871485943775
-0.04467871485943775
-0.04467871485943775
-0.04467871485943775
-0.04467871485943775
-0.04467871485943775
-0.04467871485943775
-0.04467871485943775
-0.04467871485943775
-0.04467871485943775
-0.04467871485943775
-0.04467871485943775
-0.04467871485943775
-0.04467871485943775
-0.04467871485943775
-0.04467871485943775
-0.04467871485943775
-0.04467871485943775
-0.04467871485943775
-0.04467871485943775
-0.04467871485943775
-0.04467871485943775
-0.04467871485943775
-0.04467871485943775
-0.7728706624605678
-0.7728706624605678
-0.7728706624605678
-0.7728706624605678
-0.7728706624605678
-0.7728706624605678
-0.7728706624605678
-0.7728706624605678
-0.7728706624605678
-0.7728706624605678
-0.04467871485943775
-0.04467871485943775
-0.04467871485943775
-0.04467871485943775
-0.04467871485943775