0
0
0
0
0
0
0
0
0
-1
0
0
0
0
0
0
0
0
0
0
0
0
0
-1
0
-1
-1
0
0
-2
0
-1
-4
-1
-3
-2
-1
-2
-1
-3
0
-1
-3
0
0
-3
-1
0
0
0
0
0
0
0
0
0
0
0
0
0
-2
0
3
0
1
1
8
7
9
0
2
3
-10
2
13
3
14
3
18
1
-2
4
6
-8
-13
-8
-23
-10
-2
0
-3
0
-1
-2
-1
-1
0
-1
0
0
-1
0
0
0
0
0
0
0
0
2
2
2
0
3
10
9
17
0
5
-5
-12
6
14
2
-1
2
0
2
7
-3
6
-13
-13
-9
-7
-1
-3
-4
-1
-2
-1
-1
0
-3
-3
0
0
-1
0
0
0
0
0
0
0
0
0
-1
-1
0
-2
3
-1
-1
-8
7
7
11
-3
-4
2
9
5
6
2
1
5
3
-6
-7
-5
-5
-3
-2
-2
-5
0
1
0
0
-2
-4
0
-2
0
-1
0
0
-1
0
0
0
0
0
-1
0
0
1
1
5
8
5
-1
6
9
0
-12
3
5
9
3
2
1
7
-4
-6
-4
-1
-6
-9
0
-2
-6
-4
0
-1
0
-1
-2
-3
-2
-1
-1
0
0
0
0
-1
0
0
0
0
-1
0
-1
0
-5
4
16
9
-3
13
16
-13
6
3
14
4
4
3
-6
1
1
5
-10
-9
-9
-6
-3
-2
0
-2
-1
0
0
-1
-4
0
0
0
0
0
0
0
0
0
0
0
0
0
0
0
0
0
0
0
0
0
0
0
0
0
-1
-2
0
0
-3
-2
-1
0
-2
-1
-1
-3
-2
0
-1
0
0
0
0
0
0
0
0
-1