0.022366522366522368
0.022366522366522368
0.022366522366522368
0.022366522366522368
0.022366522366522368
0.022366522366522368
0.022366522366522368
0.022366522366522368
0.022366522366522368
0.022366522366522368
0.022366522366522368
0.022366522366522368
0.022366522366522368
0.022366522366522368
0.022366522366522368
0.022366522366522368
0.022366522366522368
0.022366522366522368
0.022366522366522368
0.022366522366522368
0.022366522366522368
-0.3739612188365651
-0.3739612188365651
-0.3739612188365651
-0.3739612188365651
-0.3739612188365651
-0.3739612188365651
-0.3739612188365651
-0.3739612188365651
-0.3739612188365651
-0.3739612188365651
-0.3739612188365651
-0.32027649769585254
-0.3739612188365651
-0.3739612188365651
-0.32027649769585254
-0.3739612188365651
-0.3739612188365651
-0.3739612188365651
-0.32027649769585254
-0.3739612188365651
-0.3739612188365651
-0.32027649769585254
0.022366522366522368
0.022366522366522368
-0.32027649769585254
0.022366522366522368
0.022366522366522368
0.022366522366522368
0.022366522366522368
0.022366522366522368
0.022366522366522368
0.022366522366522368
0.022366522366522368
0.022366522366522368
0.022366522366522368
0.022366522366522368
5.4
0.6759259259259259
1.5789473684210527
5.4
4.6
5.714285714285714
7.000000000000002
-0.29015544041450775
3.6666666666666665
-0.23529411764705882
5.8
-0.29015544041450775
0.8059701492537313
0.1527777777777778
-0.5
-0.5
0.02
0.0
0.0
0.0
-9.4
0.1527777777777778
-0.5256410256410257
-0.5256410256410257
-0.5256410256410257
-0.5256410256410257
-0.32027649769585254
-0.32027649769585254
-0.32027649769585254
-0.32027649769585254
-0.32027649769585254
-0.3739612188365651
-0.3739612188365651
-0.32027649769585254
-0.3739612188365651
-0.3739612188365651
-0.32027649769585254
-0.3739612188365651
-0.3739612188365651
0.022366522366522368
0.022366522366522368
0.022366522366522368
0.022366522366522368
0.022366522366522368
0.022366522366522368
0.022366522366522368
0.022366522366522368
1.5833333333333333
7.090909090909091
7.090909090909091
1.7758620689655173
5.4
6.0
2.1666666666666665
0.02
-9.333333333333334
-7.625
-9.857142857142858
0.1527777777777778
0.1527777777777778
0.8059701492537313
0.1527777777777778
0.8059701492537313
0.8059701492537313
-5.6
-5.6
5.75
-0.29015544041450775
0.8059701492537313
6.625
-0.5256410256410257
-0.5256410256410257
-0.5256410256410257
-0.5256410256410257
-0.32027649769585254
-0.32027649769585254
-0.32027649769585254
-0.32027649769585254
-0.3739612188365651
-0.32027649769585254
-0.32027649769585254
-0.3739612188365651
-0.3739612188365651
-0.3739612188365651
-0.3739612188365651
-0.3739612188365651
-0.32027649769585254
-0.32027649769585254
0.022366522366522368
0.022366522366522368
0.022366522366522368
0.022366522366522368
0.022366522366522368
0.022366522366522368
0.022366522366522368
0.022366522366522368
0.022366522366522368
0.022366522366522368
-0.3739612188365651
-0.32027649769585254
-0.3739612188365651
-0.3739612188365651
-6.5
-0.32027649769585254
0.8059701492537313
-0.5
-0.29015544041450775
0.8059701492537313
-0.29015544041450775
-0.5
-0.29015544041450775
-0.5
-0.5
-0.29015544041450775
-7.375
-0.29015544041450775
-0.29015544041450775
0.022366522366522368
-1.6923076923076923
-1.1555555555555554
-1.1555555555555554
-0.32027649769585254
-0.32027649769585254
-1.1555555555555554
-0.32027649769585254
-0.32027649769585254
-0.32027649769585254
-0.32027649769585254
-0.32027649769585254
0.022366522366522368
0.022366522366522368
-0.3739612188365651
-0.3739612188365651
-0.3739612188365651
-0.32027649769585254
0.022366522366522368
-0.3739612188365651
0.022366522366522368
0.022366522366522368
0.022366522366522368
0.022366522366522368
0.022366522366522368
0.022366522366522368
0.022366522366522368
0.022366522366522368
0.022366522366522368
0.6759259259259259
1.5
10.142857142857142
7.833333333333333
-0.29015544041450775
-0.7142857142857143
0.02
-7.375
12.75
0.8059701492537313
5.166666666666667
5.166666666666667
-0.5
-0.5
-0.29015544041450775
0.14285714285714285
-0.29015544041450775
-0.29015544041450775
-1.6923076923076923
-1.6923076923076923
-1.1555555555555554
-1.1555555555555554
-0.32027649769585254
-0.32027649769585254
-1.1555555555555554
-0.32027649769585254
-0.32027649769585254
-1.6923076923076923
-0.32027649769585254
-0.32027649769585254
-0.32027649769585254
-0.3739612188365651
-0.3739612188365651
-0.3739612188365651
-0.3739612188365651
-0.32027649769585254
-0.32027649769585254
-0.32027649769585254
0.022366522366522368
0.022366522366522368
0.022366522366522368
0.022366522366522368
0.022366522366522368
0.022366522366522368
0.022366522366522368
0.022366522366522368
0.022366522366522368
0.022366522366522368
1.4999999999999964
-0.32027649769585254
0.8059701492537313
7.166666666666667
-0.36363636363636365
-4.0
-4.0
1.2
0.1527777777777778
-0.5
-9.333333333333334
0.1527777777777778
-0.5
-5.4
0.1527777777777778
0.1527777777777778
-0.29015544041450775
-3.2
0.022366522366522368
-1.1555555555555554
-1.1555555555555554
-1.1555555555555554
-1.1555555555555554
-0.32027649769585254
-0.32027649769585254
-0.32027649769585254
-0.32027649769585254
-0.32027649769585254
-0.32027649769585254
-0.3739612188365651
-0.3739612188365651
-0.3739612188365651
0.022366522366522368
0.022366522366522368
0.022366522366522368
-0.32027649769585254
0.022366522366522368
0.022366522366522368
0.022366522366522368
0.022366522366522368
0.022366522366522368
0.022366522366522368
0.022366522366522368
0.022366522366522368
0.022366522366522368
0.022366522366522368
0.022366522366522368
0.022366522366522368
0.022366522366522368
0.022366522366522368
0.022366522366522368
0.022366522366522368
0.022366522366522368
0.022366522366522368
0.022366522366522368
0.022366522366522368
0.022366522366522368
0.022366522366522368
0.022366522366522368
0.022366522366522368
-0.3739612188365651
-0.3739612188365651
-0.3739612188365651
-0.3739612188365651
-0.3739612188365651
-0.32027649769585254
-0.3739612188365651
-0.3739612188365651
-0.3739612188365651
-0.32027649769585254
-0.3739612188365651
-0.3739612188365651
-0.32027649769585254
-0.32027649769585254
0.022366522366522368
0.022366522366522368
0.022366522366522368
0.022366522366522368