-0.03338469440164355
-0.03338469440164355
-0.03338469440164355
-0.03338469440164355
-0.03338469440164355
-0.03338469440164355
-0.03338469440164355
-0.03338469440164355
-0.03338469440164355
-0.03338469440164355
-0.03338469440164355
-0.03338469440164355
-0.03338469440164355
-0.03338469440164355
-0.03338469440164355
-0.03338469440164355
-0.03338469440164355
-0.03338469440164355
-0.03338469440164355
-0.03338469440164355
-0.03338469440164355
-0.03338469440164355
-0.03338469440164355
-0.03338469440164355
-0.03338469440164355
-0.03338469440164355
-0.03338469440164355
-0.03338469440164355
-0.7293233082706767
-0.7293233082706767
-0.7293233082706767
-0.7293233082706767
-0.7293233082706767
-0.7293233082706767
-0.7293233082706767
-0.7293233082706767
-0.7293233082706767
-0.7293233082706767
-0.7293233082706767
-0.10062893081761007
-0.03338469440164355
-0.7293233082706767
-0.10062893081761007
-0.03338469440164355
-0.03338469440164355
-0.10062893081761007
-0.03338469440164355
-0.03338469440164355
-0.03338469440164355
-0.03338469440164355
-0.03338469440164355
-0.03338469440164355
-0.03338469440164355
-0.03338469440164355
-0.03338469440164355
-0.03338469440164355
-0.03338469440164355
1.4166666666666667
-0.03338469440164355
-0.03338469440164355
1.4166666666666667
5.3
4.125
10.5
-0.7777777777777778
0.7142857142857143
-3.6
0.16666666666666666
1.5217391304347827
8.714285714285714
0.375
0.4380952380952381
0.4380952380952381
-1.0
-6.25
-1.0652173913043455
0.10714285714285714
0.4380952380952381
0.0
-3.3125
3.9166666666666665
-4.916666666666667
-4.916666666666667
-0.10062893081761007
-0.10062893081761007
-0.10062893081761007
-0.10062893081761007
-0.10062893081761007
-0.7293233082706767
-0.7293233082706767
-0.7293233082706767
-0.7293233082706767
-0.7293233082706767
-0.7293233082706767
-0.03338469440164355
-0.03338469440164355
-0.03338469440164355
-0.03338469440164355
-0.03338469440164355
-0.03338469440164355
-0.03338469440164355
-0.03338469440164355
-0.03338469440164355
-0.03338469440164355
-0.03338469440164355
3.260869565217391
3.260869565217391
7.6
10.0
2.8333333333333335
4.125
2.0869565217391304
-1.0652173913043455
-1.0652173913043455
-7.285714285714286
0.16666666666666666
0.10714285714285714
5.857142857142857
0.375
8.666666666666666
5.857142857142857
-0.7777777777777778
-1.8571428571428572
8.0
1.5217391304347827
0.375
0.5
-3.3125
-4.916666666666667
3.9166666666666665
3.9166666666666665
-0.10062893081761007
-0.10062893081761007
-0.10062893081761007
-0.10062893081761007
-0.7293233082706767
-0.7293233082706767
-0.10062893081761007
-0.7293233082706767
-0.7293233082706767
-0.7293233082706767
-0.03338469440164355
-0.03338469440164355
-0.10062893081761007
-0.10062893081761007
-0.03338469440164355
-0.03338469440164355
-0.03338469440164355
-0.03338469440164355
-0.03338469440164355
-0.03338469440164355
-0.03338469440164355
-0.03338469440164355
-0.03338469440164355
-0.03338469440164355
-0.03338469440164355
-0.10062893081761007
-1.9
-1.9
-1.3333333333333333
-0.10062893081761007
0.375
0.4380952380952381
1.5217391304347827
0.375
6.6
8.2
1.5217391304347827
0.4380952380952381
0.4380952380952381
-0.7777777777777778
-3.6
7.6
0.5
-5.2
-5.5
-4.916666666666667
-1.9
-0.10062893081761007
-0.10062893081761007
-0.7293233082706767
-0.10062893081761007
-0.10062893081761007
-0.7293233082706767
-0.03338469440164355
-0.10062893081761007
-0.03338469440164355
-0.03338469440164355
-0.7293233082706767
-0.7293233082706767
-0.7293233082706767
-0.10062893081761007
-0.03338469440164355
-0.03338469440164355
-0.03338469440164355
-0.03338469440164355
-0.03338469440164355
-0.03338469440164355
-0.03338469440164355
-0.03338469440164355
-0.03338469440164355
-0.03338469440164355
-0.03338469440164355
-0.03338469440164355
6.5
5.3
9.166666666666666
3.5714285714285716
0.4380952380952381
0.4380952380952381
-3.6
0.16666666666666666
8.666666666666666
1.5217391304347827
1.5217391304347827
0.4380952380952381
0.4380952380952381
-0.7777777777777778
0.7142857142857143
-6.75
-5.2
-2.0000000000000018
-2.0000000000000018
-3.3125
-0.7293233082706767
-0.10062893081761007
-0.7293233082706767
-0.7293233082706767
-0.7293233082706767
-0.10062893081761007
-0.7293233082706767
-0.7293233082706767
-0.10062893081761007
-0.7293233082706767
-0.7293233082706767
-0.7293233082706767
-0.7293233082706767
-0.7293233082706767
-0.7293233082706767
-0.10062893081761007
-0.03338469440164355
-0.03338469440164355
-0.03338469440164355
-0.03338469440164355
-0.03338469440164355
-0.03338469440164355
-0.03338469440164355
-0.03338469440164355
-0.03338469440164355
-0.03338469440164355
-0.03338469440164355
-0.03338469440164355
-0.10062893081761007
13.88888888888889
1.6666666666666667
0.375
0.4380952380952381
0.4380952380952381
-1.2
-1.0652173913043455
0.4380952380952381
-1.0652173913043455
0.2
0.4380952380952381
-1.0652173913043455
0.10714285714285714
-1.8571428571428572
1.5217391304347827
1.5217391304347827
-3.3125
-5.5
-3.4545454545454546
-1.3333333333333333
-1.3333333333333333
-0.10062893081761007
-0.10062893081761007
-0.10062893081761007
-0.10062893081761007
-0.10062893081761007
-0.03338469440164355
-0.03338469440164355
-0.7293233082706767
-0.03338469440164355
-0.03338469440164355
-0.03338469440164355
-0.03338469440164355
-0.10062893081761007
-0.03338469440164355
-0.03338469440164355
-0.03338469440164355
-0.03338469440164355
-0.03338469440164355
-0.03338469440164355
-0.03338469440164355
-0.03338469440164355
-0.03338469440164355
-0.03338469440164355
-0.03338469440164355
-0.03338469440164355
-0.03338469440164355
-0.03338469440164355
-0.03338469440164355
-0.03338469440164355
-0.03338469440164355
-0.03338469440164355
-0.03338469440164355
-0.03338469440164355
-0.03338469440164355
-0.03338469440164355
-0.03338469440164355
-0.03338469440164355
-0.03338469440164355
-0.7293233082706767
-0.7293233082706767
-0.03338469440164355
-0.7293233082706767
-0.7293233082706767
-0.7293233082706767
-0.7293233082706767
-0.7293233082706767
-0.7293233082706767
-0.7293233082706767
-0.7293233082706767
-0.10062893081761007
-0.03338469440164355
-0.03338469440164355
-0.03338469440164355
-0.03338469440164355
-0.03338469440164355