-1
0
-1
0
0
0
0
0
0
-1
0
0
0
0
0
0
0
0
0
0
0
0
1
0
-1
1
0
3
1
0
-1
2
0
2
-1
-2
1
-1
0
0
0
4
0
0
0
-2
0
-1
0
-1
0
-2
0
0
0
0
0
0
0
2
1
1
1
0
1
3
2
12
12
9
6
-1
-25
-1
10
15
5
5
8
10
6
-7
-8
-17
-5
-3
-1
-1
-1
1
0
0
0
0
-1
0
-3
0
0
0
0
0
0
0
0
0
0
0
-1
2
-2
0
0
9
2
16
14
4
5
-10
22
13
18
-11
-11
6
3
0
-2
-1
-15
-7
-12
2
-1
-1
-1
1
-1
0
-1
0
-1
-4
1
0
0
0
0
0
-2
0
0
0
0
-1
1
-4
3
1
0
4
7
7
11
2
2
3
-2
0
12
11
-2
8
-1
-6
3
-1
-4
-2
-4
-9
2
4
-1
-2
0
0
-3
0
-1
0
-1
-1
0
0
0
0
0
-1
-1
0
0
0
0
0
0
2
0
2
9
9
6
4
3
0
-5
-2
14
4
6
-2
5
-6
1
-3
-4
3
-7
-13
-1
-4
-1
-9
0
-1
-3
0
-4
-2
0
0
0
-1
0
0
0
0
0
0
-1
-1
0
3
0
1
-1
1
18
14
1
7
-6
7
-1
-3
-1
12
17
-10
-6
-6
4
2
-11
-9
-7
-2
-5
-3
-1
0
-1
0
0
-5
0
0
0
-2
0
0
0
0
-1
0
0
0
0
0
0
0
0
0
0
0
0
0
0
0
-2
0
-1
-1
0
0
-1
-2
-1
-2
-2
0
-1
-1
-4
0
0
0
-1
0
0
-1
0
0
0
0