-0.03409726103968697
-0.03409726103968697
-0.03409726103968697
-0.03409726103968697
-0.03409726103968697
-0.03409726103968697
-0.03409726103968697
-0.03409726103968697
-0.03409726103968697
-0.03409726103968697
-0.03409726103968697
-0.03409726103968697
-0.03409726103968697
-0.03409726103968697
-0.03409726103968697
-0.03409726103968697
-0.03409726103968697
-0.03409726103968697
-0.03409726103968697
-0.03409726103968697
-0.03409726103968697
-0.03409726103968697
2.1666666666666665
1.4222222222222223
1.4222222222222223
1.4222222222222223
5.666666666666667
1.4222222222222223
1.4222222222222223
-0.03409726103968697
-0.03409726103968697
-0.03409726103968697
-0.03409726103968697
-0.03409726103968697
-0.03409726103968697
-0.03409726103968697
1.9
1.4222222222222223
1.4222222222222223
1.4222222222222223
-0.03409726103968697
-0.03409726103968697
-0.03409726103968697
-0.03409726103968697
-0.03409726103968697
-0.03409726103968697
-0.03409726103968697
-0.03409726103968697
-0.03409726103968697
-0.03409726103968697
-0.03409726103968697
-0.03409726103968697
-0.03409726103968697
-0.03409726103968697
-0.03409726103968697
1.4222222222222223
1.4222222222222223
8.0
2.75
2.75
5.666666666666667
8.0
3.857142857142857
3.857142857142857
1.736842105263158
7.166666666666667
-1.813953488372093
-4.8
-2.25
7.0
-0.5
-0.5
-0.17567567567567569
2.4
-8.0
-5.0
0.8571428571428571
-7.0
-4.8
-4.2
-1.9791666666666667
-0.3607843137254902
-0.3607843137254902
-0.3607843137254902
-0.3607843137254902
-0.3607843137254902
-0.03409726103968697
-0.03409726103968697
-0.03409726103968697
-0.03409726103968697
-0.03409726103968697
-0.03409726103968697
-0.03409726103968697
-0.03409726103968697
-0.03409726103968697
-0.03409726103968697
-0.3607843137254902
-0.03409726103968697
-0.03409726103968697
-0.03409726103968697
-0.03409726103968697
-0.03409726103968697
-0.03409726103968697
-0.03409726103968697
-0.03409726103968697
-0.03409726103968697
-0.03409726103968697
-0.03409726103968697
2.761904761904762
0.3411764705882353
-2.4
1.736842105263158
-1.6666666666666667
-1.813953488372093
-5.4
-0.17567567567567569
-8.0
-0.17567567567567569
3.166666666666657
0.3411764705882353
3.166666666666657
-3.0
-1.0222222222222221
2.0
2.0
-9.6
-2.6842105263157894
-2.6842105263157894
-0.3607843137254902
-0.7292418772563177
-0.3607843137254902
-0.3607843137254902
-0.3607843137254902
-0.7292418772563177
-0.7292418772563177
-0.7292418772563177
-0.03409726103968697
-0.03409726103968697
-0.7292418772563177
-0.03409726103968697
-0.03409726103968697
-0.03409726103968697
-0.03409726103968697
-0.3607843137254902
-0.03409726103968697
-0.03409726103968697
-0.03409726103968697
-0.03409726103968697
-0.03409726103968697
-0.03409726103968697
-0.03409726103968697
-0.03409726103968697
-0.03409726103968697
-0.3607843137254902
-0.03409726103968697
-0.03409726103968697
-1.0769230769230769
9.777777777777779
11.125
1.736842105263158
-1.813953488372093
-1.813953488372093
-1.813953488372093
0.3411764705882353
-3.0
9.777777777777779
8.333333333333334
0.3411764705882353
-0.17567567567567569
-1.813953488372093
0.8571428571428571
0.3411764705882353
-0.7292418772563177
-2.25
-0.7292418772563177
-0.7292418772563177
-2.6842105263157894
-0.3607843137254902
2.0
-0.7292418772563177
-0.7292418772563177
2.0
1.125
-0.03409726103968697
-0.03409726103968697
-0.03409726103968697
-0.03409726103968697
-0.03409726103968697
-0.7292418772563177
-0.03409726103968697
-0.03409726103968697
-0.03409726103968697
-0.03409726103968697
-0.03409726103968697
-0.03409726103968697
-0.03409726103968697
-0.03409726103968697
-0.03409726103968697
-0.03409726103968697
-0.03409726103968697
-0.03409726103968697
-0.03409726103968697
-0.03409726103968697
-0.03409726103968697
2.1666666666666665
6.111111111111111
3.857142857142857
11.125
1.736842105263158
-1.813953488372093
-5.0
-1.0222222222222221
0.3411764705882353
9.777777777777779
0.3411764705882353
9.777777777777779
-1.0769230769230769
-0.17567567567567569
0.8571428571428571
0.3411764705882353
-0.03409726103968697
-0.7292418772563177
-0.7292418772563177
-0.7292418772563177
-2.6842105263157894
-0.7292418772563177
-0.7292418772563177
-0.7292418772563177
-0.7292418772563177
-0.3607843137254902
-0.7292418772563177
-0.7292418772563177
-0.7292418772563177
-0.3607843137254902
-0.7292418772563177
-0.7292418772563177
-0.3607843137254902
-0.03409726103968697
-0.3607843137254902
-0.03409726103968697
-0.03409726103968697
-0.03409726103968697
-0.03409726103968697
-0.03409726103968697
-0.03409726103968697
-0.03409726103968697
-0.03409726103968697
-0.03409726103968697
1.9
-0.03409726103968697
-0.03409726103968697
-0.03409726103968697
1.4222222222222223
2.4
2.4
1.5
2.4
-7.6
-4.0
0.8571428571428571
0.3411764705882353
10.333333333333334
-2.4
0.2857142857142857
0.3411764705882353
0.3411764705882353
0.3411764705882353
0.3411764705882353
-2.3076923076923075
-0.7292418772563177
-0.7292418772563177
-0.7292418772563177
-1.9791666666666667
-1.9791666666666667
-0.3607843137254902
-0.3607843137254902
-0.3607843137254902
-0.7292418772563177
-0.3607843137254902
-0.3607843137254902
-0.03409726103968697
-0.03409726103968697
-0.03409726103968697
-0.03409726103968697
-0.03409726103968697
-0.3607843137254902
-0.03409726103968697
-0.03409726103968697
-0.03409726103968697
-0.03409726103968697
-0.03409726103968697
-0.03409726103968697
-0.03409726103968697
-0.03409726103968697
-0.03409726103968697
-0.03409726103968697
-0.03409726103968697
-0.03409726103968697
-0.03409726103968697
-0.03409726103968697
-0.03409726103968697
-0.03409726103968697
-0.03409726103968697
-0.03409726103968697
-0.03409726103968697
-0.03409726103968697
-0.03409726103968697
-0.03409726103968697
-0.03409726103968697
-0.03409726103968697
-0.03409726103968697
-0.03409726103968697
-0.7292418772563177
-0.7292418772563177
-0.7292418772563177
-0.7292418772563177
-0.7292418772563177
-0.7292418772563177
-0.7292418772563177
-0.7292418772563177
-0.7292418772563177
-0.03409726103968697
-0.03409726103968697
-0.03409726103968697
-0.3607843137254902
-0.03409726103968697
-0.03409726103968697
-0.03409726103968697
-0.03409726103968697