-0.022540983606557378
-0.022540983606557378
-0.022540983606557378
-0.022540983606557378
-0.022540983606557378
-0.022540983606557378
-0.022540983606557378
-0.022540983606557378
-0.022540983606557378
-0.022540983606557378
-0.022540983606557378
-0.022540983606557378
-0.022540983606557378
-0.022540983606557378
-0.022540983606557378
-0.022540983606557378
-0.022540983606557378
0.9512195121951219
0.9512195121951219
-0.022540983606557378
0.9512195121951219
0.9512195121951219
4.166666666666667
0.9565217391304348
0.9565217391304348
0.3875968992248062
4.166666666666667
0.3875968992248062
3.6363636363636362
0.3875968992248062
-0.022540983606557378
0.3875968992248062
-0.022540983606557378
-0.022540983606557378
-0.022540983606557378
-0.15844155844155844
4.166666666666667
0.9565217391304348
0.9565217391304348
0.9565217391304348
0.3875968992248062
0.3875968992248062
-0.022540983606557378
-0.022540983606557378
-0.022540983606557378
-0.15844155844155844
-0.022540983606557378
-0.022540983606557378
-0.022540983606557378
-0.022540983606557378
-0.022540983606557378
-0.15844155844155844
-0.022540983606557378
-0.022540983606557378
1.6774193548387097
3.6363636363636362
3.6363636363636362
3.6363636363636362
6.8
0.3875968992248062
6.9
0.9565217391304348
5.777777777777775
2.1333333333333333
-1.1818181818181819
-1.1818181818181819
-0.8571428571428571
-3.75
7.0
8.8
-4.8
-4.8
-4.8
-1.1818181818181819
-2.2
-0.5714285714285714
-7.666666666666667
-7.666666666666667
-0.5454545454545454
-0.5454545454545454
-1.6129032258064515
-0.15844155844155844
-0.15844155844155844
-0.15844155844155844
-0.15844155844155844
-0.15844155844155844
-0.022540983606557378
-0.022540983606557378
-0.022540983606557378
-0.022540983606557378
-0.022540983606557378
-0.022540983606557378
-0.022540983606557378
-0.022540983606557378
-0.022540983606557378
-0.022540983606557378
-0.15844155844155844
-0.022540983606557378
-0.022540983606557378
-0.022540983606557378
-0.022540983606557378
-0.022540983606557378
-0.022540983606557378
-0.022540983606557378
1.6774193548387097
-0.022540983606557378
-0.022540983606557378
-0.022540983606557378
10.125
-0.8
5.2222222222222285
-1.1818181818181819
-1.1818181818181819
-2.2
0.058823529411764705
0.5
1.0
0.5
-4.4
0.9
-4.4
0.058823529411764705
4.857142857142857
-1.1
-1.1
-0.5454545454545454
-1.6129032258064515
-1.6129032258064515
-0.15844155844155844
-0.6108786610878661
-0.15844155844155844
-0.15844155844155844
-0.15844155844155844
-0.6108786610878661
-0.6108786610878661
-0.6108786610878661
-0.022540983606557378
-0.022540983606557378
-0.6108786610878661
-0.022540983606557378
-0.022540983606557378
-0.022540983606557378
-0.022540983606557378
-0.15844155844155844
0.3875968992248062
-0.022540983606557378
-0.022540983606557378
-0.022540983606557378
-0.022540983606557378
-0.022540983606557378
-0.022540983606557378
-0.022540983606557378
-0.022540983606557378
-0.15844155844155844
-0.022540983606557378
-0.022540983606557378
0.7280701754385965
0.7280701754385965
-1.1666666666666667
-0.11111111111111821
-1.1818181818181819
1.4285714285714286
1.4285714285714286
-2.75
0.0
5.2222222222222285
5.2222222222222285
-2.75
5.2222222222222285
-8.4
-3.75
0.0
-0.6108786610878661
-7.666666666666667
-0.6108786610878661
-0.15844155844155844
-1.6129032258064515
-0.15844155844155844
-1.1
-0.6108786610878661
-1.1
-1.1
0.3875968992248062
-0.022540983606557378
-0.022540983606557378
-0.022540983606557378
-0.022540983606557378
-0.022540983606557378
-0.15844155844155844
-0.022540983606557378
-0.022540983606557378
-0.022540983606557378
-0.022540983606557378
-0.022540983606557378
-0.022540983606557378
-0.022540983606557378
-0.022540983606557378
-0.022540983606557378
-0.022540983606557378
-0.022540983606557378
-0.022540983606557378
-0.022540983606557378
1.6774193548387097
0.9512195121951219
6.9
4.4
5.777777777777775
-0.11111111111111821
-0.11111111111111821
6.4
6.5
5.571428571428571
0.3875968992248062
0.7280701754385965
0.9
0.7280701754385965
0.7280701754385965
5.2222222222222285
0.058823529411764705
0.3875968992248062
0.3875968992248062
-0.6108786610878661
-0.6108786610878661
-0.6108786610878661
-0.5454545454545454
-0.15844155844155844
-0.6108786610878661
-0.6108786610878661
-0.6108786610878661
-0.15844155844155844
-0.6108786610878661
-0.6108786610878661
-0.6108786610878661
-0.15844155844155844
-0.6108786610878661
-0.6108786610878661
-0.15844155844155844
-0.022540983606557378
-0.15844155844155844
-0.15844155844155844
-0.022540983606557378
-0.022540983606557378
-0.022540983606557378
-0.022540983606557378
-0.022540983606557378
-0.022540983606557378
-0.022540983606557378
-0.022540983606557378
1.6774193548387097
0.9512195121951219
1.6774193548387097
0.9512195121951219
0.9565217391304348
11.666666666666666
-1.1818181818181819
0.9
-1.1818181818181819
1.0
1.0
0.058823529411764705
0.3875968992248062
-3.7142857142857144
0.7280701754385965
-4.0
-6.8
0.9
4.857142857142857
-6.8
4.857142857142857
-0.6108786610878661
-0.6108786610878661
-0.6108786610878661
-1.6129032258064515
-1.6129032258064515
-0.15844155844155844
-0.15844155844155844
-0.15844155844155844
-0.6108786610878661
-0.15844155844155844
-0.15844155844155844
-0.022540983606557378
-0.022540983606557378
-0.022540983606557378
-0.022540983606557378
-0.022540983606557378
-0.15844155844155844
-0.022540983606557378
-0.022540983606557378
-0.022540983606557378
-0.022540983606557378
-0.022540983606557378
-0.022540983606557378
-0.022540983606557378
-0.022540983606557378
-0.022540983606557378
-0.022540983606557378
-0.022540983606557378
-0.022540983606557378
-0.022540983606557378
-0.022540983606557378
-0.022540983606557378
-0.022540983606557378
-0.022540983606557378
-0.022540983606557378
-0.022540983606557378
-0.022540983606557378
-0.022540983606557378
-0.022540983606557378
-0.022540983606557378
-0.022540983606557378
-0.15844155844155844
-0.022540983606557378
-0.6108786610878661
-0.6108786610878661
-0.6108786610878661
-0.6108786610878661
-0.6108786610878661
-0.6108786610878661
-0.6108786610878661
-0.6108786610878661
-0.15844155844155844
-0.022540983606557378
-0.022540983606557378
-0.022540983606557378
-0.15844155844155844
-0.022540983606557378
-0.022540983606557378
-0.022540983606557378
-0.022540983606557378