0
-2
0
0
-2
0
0
0
0
0
-1
0
0
0
0
0
0
0
-2
0
0
0
-1
0
0
0
0
-1
0
0
0
0
0
0
-2
0
-2
-1
0
-1
-3
0
0
-1
0
-1
0
0
0
0
0
0
0
0
0
0
0
0
0
-1
0
0
-2
1
3
1
1
19
10
6
6
0
7
5
-16
-3
11
18
11
2
0
6
-10
-7
-17
-16
-18
-9
-5
-5
-3
-4
-1
-1
-2
-1
-3
-1
0
-2
-1
0
0
-1
0
0
0
0
0
0
0
0
-2
1
9
12
10
4
14
7
10
-18
-11
2
-4
10
11
3
16
7
-9
-2
1
-14
-7
17
16
-20
6
-26
-2
-3
1
-3
-2
-2
0
0
0
0
-1
0
0
0
0
-1
0
0
0
0
-1
4
-1
17
8
6
6
8
0
8
-14
0
29
-11
5
2
-3
15
18
-18
-5
-26
-13
-11
-5
-2
-1
-3
0
2
-1
-2
0
-3
-3
0
0
0
0
0
0
0
0
0
1
-1
0
0
0
1
9
6
9
8
10
7
1
-13
-19
-9
12
4
4
5
1
3
1
-6
-3
-9
-5
-6
-2
-2
-2
-4
-2
-1
-2
-2
-2
-7
0
0
-1
0
-1
0
-1
0
0
0
0
0
0
0
0
2
1
8
14
23
17
-8
-3
18
18
0
-6
4
7
3
-14
4
8
2
-21
-2
-8
-3
-5
-2
-1
-2
0
-1
-1
-1
0
-1
0
-2
0
0
0
0
0
0
0
0
0
0
0
0
0
0
0
0
0
-1
-5
0
0
1
-1
-1
0
0
0
-3
0
1
-1
0
-1
0
-2
-1
-1
-2
0
0
-3
0
0
-1
