-0.06461025427261359
-0.06461025427261359
-0.06461025427261359
-0.06461025427261359
-0.06461025427261359
-0.06461025427261359
-0.06461025427261359
-0.06461025427261359
-0.06461025427261359
-0.06461025427261359
-0.06461025427261359
-0.06461025427261359
-0.06461025427261359
-0.06461025427261359
-0.06461025427261359
-0.06461025427261359
-0.06461025427261359
-0.06461025427261359
-0.06461025427261359
-0.06461025427261359
-0.06461025427261359
-0.06461025427261359
-0.06461025427261359
-0.06461025427261359
-0.06461025427261359
-0.06461025427261359
-0.06461025427261359
-0.06461025427261359
-0.06461025427261359
-0.06461025427261359
-0.06461025427261359
-0.06461025427261359
-0.06461025427261359
-0.06461025427261359
-0.06461025427261359
-0.06461025427261359
-0.06461025427261359
-0.06461025427261359
-0.06461025427261359
-0.06461025427261359
-0.06461025427261359
-0.06461025427261359
-0.06461025427261359
-0.06461025427261359
-0.06461025427261359
-0.06461025427261359
-0.06461025427261359
-0.06461025427261359
-0.06461025427261359
-0.06461025427261359
-0.06461025427261359
-0.06461025427261359
-0.06461025427261359
-0.06461025427261359
-0.06461025427261359
-0.06461025427261359
-0.06461025427261359
-0.06461025427261359
-0.06461025427261359
3.4285714285714284
2.652173913043478
2.652173913043478
-0.40000000000012503
2.2142857142857144
-1.6
-1.6
-1.6
-0.19047619047619024
-0.19047619047619024
5.6
2.857142857142857
2.032608695652174
-0.32894736842105265
8.571428571428571
8.571428571428571
-11.500000000000002
-0.19047619047619024
2.5833333333333335
11.8
-2.4444444444444446
2.142857142857143
2.142857142857143
-0.7809330628803245
-0.7809330628803245
-0.7809330628803245
-0.7809330628803245
-0.7809330628803245
-0.7809330628803245
-0.7809330628803245
-0.7809330628803245
-0.7809330628803245
-0.7809330628803245
-0.7809330628803245
-0.7809330628803245
-0.7809330628803245
-0.7809330628803245
-0.06461025427261359
-0.06461025427261359
-0.06461025427261359
-0.06461025427261359
-0.06461025427261359
-0.06461025427261359
-0.06461025427261359
-0.06461025427261359
-0.06461025427261359
-0.06461025427261359
-0.06461025427261359
-0.06461025427261359
-0.06461025427261359
12.428571428571429
4.75
5.666666666666667
-1.7187499999999982
14.0
-2.1
-2.1
2.5833333333333335
1.0238095238095237
1.0238095238095237
2.875000000000007
-4.5
5.2
2.032608695652174
-2.88
-2.88
0.4
-0.017361111111111112
-0.017361111111111112
2.125
-2.4444444444444446
4.923076923076923
2.032608695652174
-5.857142857142857
4.923076923076923
-5.857142857142857
2.857142857142857
-1.4285714285714286
-2.0350877192982457
-1.4285714285714286
-0.7809330628803245
-0.7809330628803245
-0.7809330628803245
-0.06461025427261359
-0.06461025427261359
-0.06461025427261359
-0.06461025427261359
-0.06461025427261359
-0.06461025427261359
-0.06461025427261359
-0.06461025427261359
-0.06461025427261359
-0.06461025427261359
-0.06461025427261359
-0.06461025427261359
-0.06461025427261359
-0.06461025427261359
7.4
-0.017361111111111112
-0.40000000000012503
2.2142857142857144
-1.7187499999999982
-4.571428571428571
-1.7187499999999982
-0.19047619047619024
-4.571428571428571
8.8
1.4
-2.88
-5.166666666666667
-5.166666666666667
2.032608695652174
-5.166666666666667
2.5833333333333335
8.571428571428571
1.0238095238095237
-1.206896551724138
-8.4
-1.4285714285714286
2.142857142857143
-0.7809330628803245
-0.7809330628803245
-0.7809330628803245
-0.7809330628803245
-0.7809330628803245
-0.7809330628803245
-0.06461025427261359
-0.06461025427261359
-0.06461025427261359
-0.06461025427261359
-0.06461025427261359
-0.7809330628803245
-0.7809330628803245
-0.06461025427261359
-0.06461025427261359
-0.06461025427261359
-0.06461025427261359
-0.06461025427261359
-0.06461025427261359
-0.06461025427261359
1.8365384615384615
-0.06461025427261359
-0.06461025427261359
-0.06461025427261359
-0.06461025427261359
1.1755725190839694
12.428571428571429
6.75
2.8636363636363638
-1.7187499999999982
-1.7187499999999982
-2.1
-0.19047619047619024
5.6
2.857142857142857
-8.4
5.2
5.2
5.2
5.2
-0.32894736842105265
-0.19047619047619024
-0.017361111111111112
-0.017361111111111112
-0.017361111111111112
-1.6304347826086956
-1.6304347826086956
-1.6304347826086956
-0.7809330628803245
-0.7809330628803245
-0.7809330628803245
-0.7809330628803245
-0.7809330628803245
-0.7809330628803245
-0.7809330628803245
-0.7809330628803245
-0.7809330628803245
1.6666666666666667
-0.7809330628803245
-0.7809330628803245
-0.7809330628803245
-0.7809330628803245
-0.7809330628803245
-0.06461025427261359
-0.06461025427261359
-0.06461025427261359
-0.06461025427261359
-0.06461025427261359
-0.06461025427261359
-0.06461025427261359
-0.06461025427261359
-0.06461025427261359
-0.06461025427261359
1.8365384615384615
4.117647058823529
3.727272727272727
9.6
-0.3
-0.3
0.4
0.4
2.0
0.4
0.4
-0.32894736842105265
2.2142857142857144
-3.7777777777777777
-0.017361111111111112
2.857142857142857
-0.06461025427261359
2.032608695652174
1.4
2.857142857142857
-4.5
-8.4
-8.4
-1.4285714285714286
-0.7809330628803245
-0.7809330628803245
-0.7809330628803245
-0.7809330628803245
-0.7809330628803245
-0.06461025427261359
-0.06461025427261359
-0.06461025427261359
-0.06461025427261359
-0.06461025427261359
-0.06461025427261359
-0.06461025427261359
-0.06461025427261359
-0.06461025427261359
-0.06461025427261359
-0.06461025427261359
-0.06461025427261359
-0.06461025427261359
-0.06461025427261359
-0.06461025427261359
-0.06461025427261359
-0.06461025427261359
-0.06461025427261359
-0.06461025427261359
-0.06461025427261359
-0.06461025427261359
-0.06461025427261359
-0.06461025427261359
-0.06461025427261359
-0.06461025427261359
-0.06461025427261359
-0.06461025427261359
-0.06461025427261359
-0.06461025427261359
-0.06461025427261359
-0.06461025427261359
-0.06461025427261359
-0.06461025427261359
-0.06461025427261359
-0.06461025427261359
-0.06461025427261359
-0.06461025427261359
-0.06461025427261359
-0.06461025427261359
-0.06461025427261359
-0.06461025427261359
-0.06461025427261359
-0.06461025427261359
-0.06461025427261359
-0.06461025427261359
-0.06461025427261359
-0.06461025427261359
-0.06461025427261359