-0.19923237962316814
-0.19923237962316814
-0.19923237962316814
-0.19923237962316814
-0.19923237962316814
-0.19923237962316814
-0.19923237962316814
-0.19923237962316814
-0.19923237962316814
-0.19923237962316814
-0.19923237962316814
-0.19923237962316814
-0.19923237962316814
-0.19923237962316814
-0.19923237962316814
-0.19923237962316814
-0.19923237962316814
-0.19923237962316814
-0.19923237962316814
-0.19923237962316814
-0.19923237962316814
-0.19923237962316814
-0.19923237962316814
-0.19923237962316814
-0.19923237962316814
-0.19923237962316814
-0.19923237962316814
-0.19923237962316814
-0.19923237962316814
-0.19923237962316814
-0.19923237962316814
-0.19923237962316814
-0.19923237962316814
-0.19923237962316814
-0.19923237962316814
-0.19923237962316814
-0.19923237962316814
-0.19923237962316814
-0.19923237962316814
-0.19923237962316814
-0.19923237962316814
-0.19923237962316814
-0.19923237962316814
-0.19923237962316814
-0.19923237962316814
-0.19923237962316814
-0.19923237962316814
-0.19923237962316814
-0.19923237962316814
-0.19923237962316814
-0.19923237962316814
-0.19923237962316814
-0.19923237962316814
-0.19923237962316814
-0.19923237962316814
-0.19923237962316814
-0.19923237962316814
-0.19923237962316814
-0.19923237962316814
-0.19923237962316814
2.211764705882353
2.211764705882353
12.42857142857146
-0.05
-0.05
-0.05
-1.5185185185185195
-1.5185185185185195
-3.7777777777777777
-6.75
6.0
3.8333333333333335
1.3421052631578947
5.222222222222222
1.3421052631578947
-0.75
-1.5185185185185195
-2.2
-0.8782608695652174
-3.0
-3.0
-9.0
-1.1647509578544062
-1.1647509578544062
-1.1647509578544062
-1.1647509578544062
-1.1647509578544062
-1.1647509578544062
-1.1647509578544062
-1.1647509578544062
-0.19923237962316814
-0.19923237962316814
-0.19923237962316814
-0.19923237962316814
-0.19923237962316814
-0.19923237962316814
-0.19923237962316814
-0.19923237962316814
-0.19923237962316814
-0.19923237962316814
-0.19923237962316814
-0.19923237962316814
-0.19923237962316814
-0.19923237962316814
-0.19923237962316814
-0.19923237962316814
-0.19923237962316814
-0.19923237962316814
-0.19923237962316814
4.333333333333333
1.8
-0.75
-0.75
2.6862745098039214
-0.2222222222222222
-0.2222222222222222
-2.2
-6.75
-0.8782608695652174
-1.4242424242424243
16.0
3.2857142857142856
3.4444444444444446
-0.75
-0.75
-2.2
-0.8782608695652174
1.5
-7.857142857142857
-3.0
-3.789473684210526
2.6944444444444446
-4.181818181818182
-4.222222222222222
-4.181818181818182
-4.181818181818182
-4.181818181818182
-2.8181818181818183
-2.8181818181818183
-1.1647509578544062
-0.19923237962316814
-0.19923237962316814
-0.19923237962316814
-0.19923237962316814
-0.19923237962316814
-0.19923237962316814
-0.19923237962316814
-0.19923237962316814
-0.19923237962316814
-0.19923237962316814
-0.19923237962316814
-0.19923237962316814
-0.19923237962316814
-0.19923237962316814
-0.19923237962316814
-0.19923237962316814
2.211764705882353
0.6
12.42857142857146
8.777777777777784
8.777777777777784
-0.6875
8.777777777777784
1.1111111111111112
-0.6875
-6.75
0.6
-0.75
-11.2
1.5
2.6944444444444446
1.5
-2.2
5.222222222222222
-0.8782608695652174
0.6
-4.181818181818182
-15.4
-15.4
-1.1647509578544062
-1.1647509578544062
-1.1647509578544062
-1.1647509578544062
-1.1647509578544062
-0.19923237962316814
-0.19923237962316814
-0.19923237962316814
-0.19923237962316814
-0.19923237962316814
-0.19923237962316814
-0.19923237962316814
-0.19923237962316814
-0.19923237962316814
-0.19923237962316814
-0.19923237962316814
-0.19923237962316814
-0.19923237962316814
-0.19923237962316814
-0.19923237962316814
-0.19923237962316814
-0.19923237962316814
-0.19923237962316814
-0.19923237962316814
-0.19923237962316814
-0.19923237962316814
4.333333333333333
8.625
4.0
2.6862745098039214
2.6862745098039214
-0.2222222222222222
-0.4166666666666667
-6.75
-1.4242424242424243
-1.4242424242424243
9.5
9.5
9.5
-4.222222222222222
1.3421052631578947
-12.0
1.6486486486486487
-0.8782608695652174
-0.19923237962316814
-7.571428571428571
-3.789473684210526
-1.1647509578544062
-1.1647509578544062
-1.1647509578544062
-1.1647509578544062
-1.1647509578544062
-0.19923237962316814
-0.19923237962316814
-0.19923237962316814
-0.19923237962316814
-0.19923237962316814
-0.19923237962316814
-0.19923237962316814
-0.19923237962316814
-0.19923237962316814
-0.19923237962316814
-0.19923237962316814
-0.19923237962316814
-0.19923237962316814
-0.19923237962316814
-0.19923237962316814
-0.19923237962316814
-0.19923237962316814
-0.19923237962316814
-0.19923237962316814
-0.19923237962316814
-0.19923237962316814
0.9021739130434783
2.211764705882353
8.625
0.42857142857142855
-0.05
-0.05
12.8
12.8
-0.75
12.8
-2.2
2.6944444444444446
-0.75
-1.5185185185185195
-0.8782608695652174
-9.0
6.0
3.4444444444444446
0.6
-1.4242424242424243
-4.222222222222222
-1.4242424242424243
-1.4242424242424243
-1.1647509578544062
-1.1647509578544062
-1.1647509578544062
-1.1647509578544062
-0.19923237962316814
-0.19923237962316814
-0.19923237962316814
-0.19923237962316814
-0.19923237962316814
-0.19923237962316814
-0.19923237962316814
-0.19923237962316814
-0.19923237962316814
-0.19923237962316814
-0.19923237962316814
-0.19923237962316814
-0.19923237962316814
-0.19923237962316814
-0.19923237962316814
-0.19923237962316814
-0.19923237962316814
-0.19923237962316814
-0.19923237962316814
-0.19923237962316814
-0.19923237962316814
-0.19923237962316814
-0.19923237962316814
-0.19923237962316814
-0.19923237962316814
-0.19923237962316814
-0.19923237962316814
-0.19923237962316814
-0.19923237962316814
-0.19923237962316814
-0.19923237962316814
-0.19923237962316814
-0.19923237962316814
-0.19923237962316814
-0.19923237962316814
-0.19923237962316814
-0.19923237962316814
-0.19923237962316814
-0.19923237962316814
-0.19923237962316814
-0.19923237962316814
-0.19923237962316814
-0.19923237962316814
-0.19923237962316814
-0.19923237962316814
-0.19923237962316814
-0.19923237962316814
-0.19923237962316814
-0.19923237962316814
-0.19923237962316814