-1
0
0
0
0
0
0
0
0
0
0
0
0
0
0
0
0
0
0
0
0
0
2
0
0
-1
0
0
0
0
-1
0
-1
0
-1
0
0
-1
-1
0
-1
0
1
0
0
0
0
0
0
0
0
0
0
0
0
0
0
0
0
0
0
0
3
0
0
6
7
4
4
11
4
2
-19
2
15
8
-3
-6
-1
0
14
-7
-7
-3
-13
-5
0
-2
0
0
0
-1
0
0
-1
0
-1
0
-1
0
0
0
0
0
0
0
0
1
0
0
0
0
2
3
7
5
10
5
5
-1
-6
7
8
11
-4
2
5
4
0
-1
-19
-7
-9
-2
0
-2
1
-1
0
0
0
-1
0
-1
0
-1
0
0
0
0
0
0
0
0
0
0
1
0
0
1
1
2
13
8
10
4
-2
-12
-10
-1
16
19
15
-4
-2
2
0
4
-11
-4
-2
-8
-1
-4
1
0
1
-1
0
-1
-2
-2
-1
0
-1
0
0
0
0
0
0
0
0
0
0
0
1
2
3
10
7
5
-3
-2
2
-2
-12
-1
2
29
-1
-1
7
-1
-5
2
-5
-10
-7
-5
-2
0
-1
2
2
-2
2
-2
-2
0
-3
0
-2
0
0
0
0
0
0
0
0
0
0
0
1
0
0
2
-1
1
6
8
0
4
-2
-4
3
11
20
6
3
-6
-4
-2
-6
-8
-3
-1
-3
0
-2
0
0
2
-1
-1
-1
-1
0
-1
0
0
-5
0
0
0
0
0
0
0
0
0
0
0
0
0
0
0
0
-1
1
0
0
0
0
-4
1
0
0
-1
1
0
2
-2
0
-1
0
-1
0
0
0
0
0
1
-1
0