-0.12696245733788397
-0.12696245733788397
-0.12696245733788397
-0.12696245733788397
-0.12696245733788397
-0.12696245733788397
-0.12696245733788397
-0.12696245733788397
-0.12696245733788397
-0.12696245733788397
-0.12696245733788397
-0.12696245733788397
-0.12696245733788397
-0.12696245733788397
-0.12696245733788397
-0.12696245733788397
-0.12696245733788397
1.4375
1.2439024390243902
1.2439024390243902
0.39622641509433965
0.7857142857142857
0.39622641509433965
-0.12696245733788397
-0.12696245733788397
-0.12696245733788397
-0.12696245733788397
-0.12696245733788397
-0.12696245733788397
-0.12696245733788397
-0.12696245733788397
-0.12696245733788397
-0.12696245733788397
-0.12696245733788397
-0.12696245733788397
-0.12696245733788397
-0.12696245733788397
-0.12696245733788397
-0.12696245733788397
-0.12696245733788397
-0.12696245733788397
0.7857142857142857
0.39622641509433965
-0.12696245733788397
-0.12696245733788397
-0.12696245733788397
-0.12696245733788397
-0.12696245733788397
-0.12696245733788397
-0.12696245733788397
-0.12696245733788397
-0.12696245733788397
-0.12696245733788397
-0.12696245733788397
-0.12696245733788397
-0.12696245733788397
-0.12696245733788397
4.5
0.5555555555555556
0.5555555555555556
11.833333333333334
7.5
2.0
2.0
5.4
-9.5
-9.5
7.0
-4.333333333333333
-1.2857142857142858
2.5833333333333335
-0.44
-10.333333333333334
-0.44
-9.166666666666666
4.4
-10.333333333333334
-10.333333333333334
-10.333333333333334
-10.333333333333334
-10.333333333333334
-0.12696245733788397
-0.12696245733788397
-0.12696245733788397
-0.12696245733788397
-0.12696245733788397
-0.12696245733788397
-0.12696245733788397
-0.12696245733788397
-0.12696245733788397
-0.12696245733788397
-0.12696245733788397
-0.12696245733788397
-0.12696245733788397
-0.12696245733788397
-0.12696245733788397
-0.12696245733788397
-0.12696245733788397
-0.12696245733788397
-0.12696245733788397
-0.12696245733788397
-0.12696245733788397
0.7857142857142857
0.7857142857142857
0.7857142857142857
0.7857142857142857
0.7857142857142857
4.4
4.166666666666667
5.777777777777778
2.0
-2.5000000000000004
-0.125
-0.125
7.0
-7.5
-4.333333333333333
-6.4
5.444444444444445
-4.333333333333333
-1.2857142857142858
-11.333333333333337
-4.333333333333333
0.1
-0.8
6.0
-0.2222222222222222
-1.0714285714285714
-0.12696245733788397
-0.12696245733788397
-0.12696245733788397
-0.12696245733788397
-0.12696245733788397
-0.12696245733788397
-0.12696245733788397
-0.12696245733788397
-0.12696245733788397
-0.12696245733788397
-0.12696245733788397
-0.12696245733788397
-0.12696245733788397
-0.12696245733788397
-0.12696245733788397
-0.12696245733788397
-0.12696245733788397
-0.12696245733788397
-0.12696245733788397
-0.12696245733788397
-0.12696245733788397
-0.12696245733788397
-0.12696245733788397
0.7857142857142857
0.7857142857142857
0.7857142857142857
1.2439024390243902
1.4285714285714286
4.2
6.0
5.25
-3.0
-0.125
-11.333333333333337
0.9444444444444444
6.0
-6.142857142857143
-0.1111111111111111
4.4
5.444444444444445
-6.875
-0.44
-6.9999999999999964
-1.6
-1.6
-2.6
-0.12696245733788397
-0.12696245733788397
-1.0714285714285714
-0.12696245733788397
-0.12696245733788397
-0.12696245733788397
-0.12696245733788397
-0.12696245733788397
-0.12696245733788397
-0.12696245733788397
-0.12696245733788397
-0.12696245733788397
-0.12696245733788397
-0.12696245733788397
-0.12696245733788397
-0.12696245733788397
-0.12696245733788397
-0.12696245733788397
-0.12696245733788397
-0.12696245733788397
-0.12696245733788397
-0.12696245733788397
-0.12696245733788397
-0.12696245733788397
-0.12696245733788397
-0.12696245733788397
-0.12696245733788397
0.7857142857142857
8.0
5.857142857142857
11.666666666666666
5.25
-2.5000000000000004
-4.333333333333333
-4.333333333333333
0.1
-8.0
6.0
-0.12696245733788397
-0.12696245733788397
-7.5
-7.5
-7.5
-0.8571428571428571
-0.8571428571428571
-0.8571428571428571
5.0
-0.12696245733788397
6.0
-1.0714285714285714
-0.12696245733788397
-0.12696245733788397
-0.12696245733788397
-0.12696245733788397
-0.12696245733788397
-0.12696245733788397
-0.12696245733788397
8.0
0.39622641509433965
-0.12696245733788397
-0.12696245733788397
-0.12696245733788397
-0.12696245733788397
-0.12696245733788397
-0.12696245733788397
-0.12696245733788397
-0.12696245733788397
-0.12696245733788397
-0.12696245733788397
-0.12696245733788397
-0.12696245733788397
-0.12696245733788397
-0.12696245733788397
-0.12696245733788397
-0.12696245733788397
0.7857142857142857
0.7857142857142857
0.7857142857142857
8.0
0.39622641509433965
4.2
1.8888888888888888
11.666666666666666
2.2222222222222223
5.125
2.2222222222222223
-1.6
2.2222222222222223
2.5833333333333335
-6.125
0.0
0.0
-7.5
-7.5
-9.166666666666666
-1.0714285714285714
-1.0714285714285714
-0.12696245733788397
-0.12696245733788397
-0.12696245733788397
-0.12696245733788397
-0.12696245733788397
-0.12696245733788397
-0.12696245733788397
-0.12696245733788397
-0.12696245733788397
-0.12696245733788397
-0.12696245733788397
-0.12696245733788397
-0.12696245733788397
-0.12696245733788397
-0.12696245733788397
-0.12696245733788397
-0.12696245733788397
-0.12696245733788397
-0.12696245733788397
-0.12696245733788397
-0.12696245733788397
-0.12696245733788397
-0.12696245733788397
-0.12696245733788397
-0.12696245733788397
-0.12696245733788397
-0.12696245733788397
-0.12696245733788397
-0.12696245733788397
-0.12696245733788397
-0.12696245733788397
-0.12696245733788397
-0.12696245733788397
-0.12696245733788397
-0.12696245733788397
-0.12696245733788397
-0.12696245733788397
-0.12696245733788397
-0.12696245733788397
-0.12696245733788397
-0.12696245733788397
-0.12696245733788397
-0.12696245733788397
-0.12696245733788397
-0.12696245733788397
0.39622641509433965
1.4375
-0.12696245733788397
-0.12696245733788397
-0.12696245733788397
-0.12696245733788397
-0.12696245733788397
-0.12696245733788397
-0.12696245733788397
-0.12696245733788397
-0.12696245733788397
-0.12696245733788397
0.7857142857142857