-0.05472197705207414
-0.05472197705207414
-0.05472197705207414
-0.05472197705207414
-0.05472197705207414
-0.05472197705207414
-0.05472197705207414
-0.05472197705207414
-0.05472197705207414
-0.05472197705207414
-0.05472197705207414
-0.05472197705207414
-0.05472197705207414
-0.05472197705207414
-0.05472197705207414
-0.05472197705207414
-0.05472197705207414
-0.2687074829931973
0.9711538461538461
0.9711538461538461
-0.05472197705207414
-0.05472197705207414
-0.05472197705207414
-0.05472197705207414
-0.05472197705207414
-0.05472197705207414
-0.05472197705207414
-0.05472197705207414
-0.05472197705207414
-0.05472197705207414
-0.05472197705207414
-0.05472197705207414
-0.05472197705207414
-0.05472197705207414
-0.05472197705207414
-0.05472197705207414
-0.05472197705207414
-0.2687074829931973
-0.05472197705207414
-0.05472197705207414
-0.05472197705207414
-0.05472197705207414
-0.05472197705207414
-0.05472197705207414
-0.05472197705207414
-0.05472197705207414
-0.05472197705207414
-0.05472197705207414
-0.05472197705207414
-0.05472197705207414
-0.05472197705207414
-0.05472197705207414
-0.05472197705207414
-0.05472197705207414
-0.05472197705207414
-0.05472197705207414
-0.05472197705207414
2.75
0.9711538461538461
0.9711538461538461
8.125
6.5
-0.8333333333333334
8.777777777777779
1.2272727272727273
-6.4
-4.25
-8.666666666666666
5.444444444444441
6.4
6.4
2.8
-2.0
2.8
-2.6666666666666665
5.666666666666667
-7.0
-7.0
-7.0
-12.8
-12.8
-0.2687074829931973
-0.2687074829931973
-0.2687074829931973
-0.2687074829931973
-0.2687074829931973
-0.05472197705207414
-0.2687074829931973
-0.05472197705207414
-0.05472197705207414
-0.05472197705207414
-0.05472197705207414
-0.05472197705207414
-0.05472197705207414
-0.05472197705207414
-0.05472197705207414
-0.05472197705207414
-0.05472197705207414
-0.05472197705207414
-0.05472197705207414
-0.05472197705207414
-0.05472197705207414
-0.05472197705207414
-0.05472197705207414
-0.05472197705207414
-0.05472197705207414
-0.05472197705207414
0.9711538461538461
4.428571428571429
3.2
6.5
5.125
7.6
7.6
-4.25
2.2
5.444444444444441
-7.333333333333333
-3.8333333333333335
5.444444444444441
-0.9090909090909091
-0.7
2.2
-4.2
0.3999999999999986
-8.666666666666666
-8.666666666666666
-8.666666666666666
1.6428571428571428
1.6428571428571428
-0.2687074829931973
-0.2687074829931973
-0.2687074829931973
-0.2687074829931973
-0.05472197705207414
-0.2687074829931973
-0.05472197705207414
-0.05472197705207414
-0.05472197705207414
-0.05472197705207414
-0.05472197705207414
-0.05472197705207414
-0.05472197705207414
-0.05472197705207414
-0.05472197705207414
-0.05472197705207414
-0.05472197705207414
-0.05472197705207414
-0.05472197705207414
-0.05472197705207414
-0.05472197705207414
-0.05472197705207414
-0.05472197705207414
-0.05472197705207414
0.9711538461538461
0.9711538461538461
0.9711538461538461
11.0
4.625
1.2272727272727273
1.2272727272727273
-0.7
-5.571428571428571
-2.5454545454545454
0.6
5.2
6.4
-2.888888888888889
5.714285714285714
-0.7
-2.75
-11.4
-4.2
0.4
0.4
0.4
-2.8
-2.8
-0.2687074829931973
-0.2687074829931973
-0.2687074829931973
-0.2687074829931973
-0.05472197705207414
-0.2687074829931973
-0.05472197705207414
-0.05472197705207414
-0.5444444444444444
-0.5444444444444444
-0.5444444444444444
-0.5444444444444444
-0.2687074829931973
-0.2687074829931973
-0.05472197705207414
-0.05472197705207414
-0.05472197705207414
-0.05472197705207414
-0.05472197705207414
-0.05472197705207414
-0.05472197705207414
-0.05472197705207414
-0.05472197705207414
-0.05472197705207414
2.75
4.428571428571429
11.0
2.6666666666666665
5.125
12.142857142857142
5.444444444444441
5.444444444444441
-3.142857142857143
-2.5454545454545454
-0.2687074829931973
-0.2687074829931973
6.4
2.8
6.4
5.666666666666667
1.6
-10.222222222222221
5.875
1.4
-2.5454545454545454
-1.5555555555555556
-1.5555555555555556
-1.5555555555555556
-0.2687074829931973
-0.2687074829931973
-0.2687074829931973
-0.2687074829931973
-0.05472197705207414
0.3999999999999986
-0.05472197705207414
-0.05472197705207414
-0.5444444444444444
-0.5444444444444444
-0.5444444444444444
-0.5444444444444444
-0.2687074829931973
-0.05472197705207414
-0.2687074829931973
-0.05472197705207414
-0.2687074829931973
-0.05472197705207414
-0.05472197705207414
-0.05472197705207414
-0.05472197705207414
-0.05472197705207414
-0.05472197705207414
-0.05472197705207414
-0.05472197705207414
-0.05472197705207414
2.75
0.9711538461538461
0.9711538461538461
2.4375
-1.0
7.333333333333333
9.375
7.333333333333333
-10.5
4.666666666666667
8.999999999999993
-2.888888888888889
5.714285714285714
5.714285714285714
-8.125
1.4
0.6666666666666666
-5.0
-12.8
-0.2687074829931973
-0.2687074829931973
-1.2
-0.2687074829931973
-0.2687074829931973
-0.2687074829931973
-0.05472197705207414
-0.2687074829931973
-0.05472197705207414
-0.05472197705207414
-0.05472197705207414
-0.5444444444444444
-0.5444444444444444
-0.5444444444444444
-0.5444444444444444
-0.05472197705207414
-0.05472197705207414
-0.05472197705207414
-0.05472197705207414
-0.05472197705207414
-0.05472197705207414
-0.2687074829931973
-0.05472197705207414
-0.05472197705207414
-0.05472197705207414
-0.05472197705207414
-0.05472197705207414
-0.05472197705207414
-0.05472197705207414
-0.05472197705207414
-0.05472197705207414
-0.05472197705207414
-0.05472197705207414
-0.05472197705207414
-0.05472197705207414
-0.05472197705207414
-0.05472197705207414
-0.05472197705207414
-0.05472197705207414
-0.05472197705207414
-0.05472197705207414
-0.05472197705207414
-0.05472197705207414
-0.05472197705207414
-0.2687074829931973
-0.05472197705207414
-0.2687074829931973
-0.05472197705207414
-0.05472197705207414
-0.05472197705207414
-0.05472197705207414
-0.05472197705207414
-0.2687074829931973
-0.05472197705207414
-0.05472197705207414
-0.05472197705207414
-0.05472197705207414
-0.05472197705207414