-1
0
0
0
0
0
0
0
0
0
0
0
0
0
0
0
0
0
0
1
0
0
0
0
0
0
0
0
-1
0
0
0
0
-1
0
-2
1
0
-2
-1
0
-1
-2
-2
0
-1
0
0
0
0
0
0
-1
1
-1
1
0
0
-2
0
0
0
0
1
0
0
0
0
-1
0
1
0
0
0
1
0
-1
-1
1
0
-1
3
-5
-2
-2
-1
0
0
0
0
0
1
0
-2
0
-1
-1
0
0
0
0
0
0
0
0
0
1
-1
3
0
1
0
3
1
7
3
3
9
4
0
-2
4
4
-1
1
4
3
12
-2
-9
-13
-8
-8
-4
-6
-1
-1
1
0
1
-1
-1
-2
-2
0
0
0
0
0
0
0
0
0
0
0
0
1
0
0
1
1
2
7
2
6
6
10
4
-10
-2
13
10
11
0
2
-4
-6
7
-9
-8
-9
-6
0
3
-4
0
-2
0
-4
-1
0
-1
1
0
0
0
0
0
0
0
0
0
1
0
0
0
1
1
2
0
10
11
4
9
-6
3
-20
-8
16
-10
11
0
3
12
4
-2
-6
-12
-6
-1
-3
-4
0
0
1
-1
-1
1
-3
-2
0
-1
0
0
0
1
0
0
0
0
0
0
-2
0
3
-2
2
2
7
10
0
11
9
6
-12
-12
0
3
11
5
4
-9
2
-1
-11
-4
-9
0
-3
-1
0
-1
-1
0
-2
-1
0
0
0
0
0
0
0
0
0
0
0
0
0
0
0
0
0
0
0
0
0
0
0
0
0
1
0
0
1
-1
0
-1
1
0
0
-2
0
0
-1
0
-1
0
0
0
-1
0
0
0
0
-1