0.05263157894736842
0.05263157894736842
0.05263157894736842
0.05263157894736842
0.05263157894736842
0.05263157894736842
0.05263157894736842
0.05263157894736842
0.05263157894736842
0.05263157894736842
0.05263157894736842
0.05263157894736842
0.05263157894736842
0.05263157894736842
0.7333333333333333
1.9130434782608696
1.9130434782608696
1.9130434782608696
1.9130434782608696
2.6666666666666665
0.05263157894736842
0.05263157894736842
0.05263157894736842
0.05263157894736842
0.05263157894736842
0.05263157894736842
0.05263157894736842
0.05263157894736842
0.05263157894736842
0.05263157894736842
0.05263157894736842
0.05263157894736842
0.05263157894736842
-0.4777777777777778
-0.4777777777777778
-0.4777777777777778
-0.4777777777777778
-0.4777777777777778
-0.4777777777777778
-0.4777777777777778
-0.4777777777777778
-0.4777777777777778
-0.4777777777777778
0.05263157894736842
0.05263157894736842
0.05263157894736842
0.05263157894736842
0.05263157894736842
0.05263157894736842
0.05263157894736842
0.05263157894736842
0.05263157894736842
0.05263157894736842
0.05263157894736842
0.05263157894736842
0.05263157894736842
0.05263157894736842
0.05263157894736842
0.05263157894736842
1.9130434782608696
1.9130434782608696
1.9130434782608696
1.9130434782608696
0.05263157894736842
0.05263157894736842
0.05263157894736842
0.05263157894736842
0.05263157894736842
0.05263157894736842
0.7333333333333333
2.6666666666666665
0.05263157894736842
0.05263157894736842
0.05263157894736842
0.05263157894736842
-0.4777777777777778
5.8
-0.4777777777777778
-0.4777777777777778
-0.4777777777777778
-0.4777777777777778
-0.4777777777777778
-0.4777777777777778
-0.4777777777777778
0.05263157894736842
0.05263157894736842
0.7333333333333333
1.9130434782608696
0.05263157894736842
0.05263157894736842
0.05263157894736842
-0.4777777777777778
-0.4777777777777778
-0.4777777777777778
0.05263157894736842
0.05263157894736842
0.05263157894736842
0.05263157894736842
0.05263157894736842
0.05263157894736842
0.05263157894736842
0.7333333333333333
0.05263157894736842
4.0
-0.4
-0.4
1.2727272727272727
3.111111111111111
-0.6666666666666666
6.142857142857143
13.142857142857148
3.2
-0.2
-0.2
3.6
1.2
3.2
1.2
4.7
3.111111111111111
4.444444444444445
4.7
4.8
-3.5714285714285716
-2.0
8.2
-3.2
2.6
-0.696078431372549
-0.696078431372549
-0.696078431372549
-0.696078431372549
-0.696078431372549
-0.4777777777777778
-0.4777777777777778
-0.4777777777777778
-0.4777777777777778
-0.4777777777777778
-0.4777777777777778
-0.4777777777777778
-0.4777777777777778
-0.4777777777777778
0.05263157894736842
0.05263157894736842
0.05263157894736842
0.05263157894736842
0.05263157894736842
0.05263157894736842
0.05263157894736842
0.05263157894736842
0.05263157894736842
0.7333333333333333
1.9130434782608696
1.9130434782608696
0.7333333333333333
1.1428571428571428
4.2
6.142857142857143
13.142857142857148
5.833333333333333
-0.2
0.0
-8.6
-2.0
3.6
-0.5833333333333334
6.714285714285714
6.714285714285714
-0.5833333333333334
-1.4
6.666666666666667
12.333333333333334
-5.8
-5.444444444444445
-3.2
-3.6666666666666665
-1.0714285714285714
-3.2
-1.0714285714285714
-1.0714285714285714
-0.4777777777777778
-0.4777777777777778
0.05263157894736842
-5.444444444444445
-0.4777777777777778
-0.4777777777777778
-0.4777777777777778
-0.4777777777777778
-0.4777777777777778
0.05263157894736842
0.05263157894736842
0.05263157894736842
2.6666666666666665
0.05263157894736842
0.05263157894736842
0.05263157894736842
0.05263157894736842
0.7333333333333333
1.9130434782608696
1.9130434782608696
1.9130434782608696
0.7333333333333333
1.1428571428571428
8.2
1.1428571428571428
6.142857142857143
9.2
7.2
0.0
3.6
3.6
-5.857142857142857
-3.0
-3.4285714285714284
-11.0
-3.4285714285714284
-11.0
2.4285714285714284
0.25
-0.5833333333333334
4.428571428571429
5.2
0.0
8.2
-3.6666666666666665
-0.696078431372549
-0.696078431372549
-0.696078431372549
-0.4777777777777778
-0.4777777777777778
-0.4777777777777778
-0.4777777777777778
0.05263157894736842
-0.4777777777777778
-0.4777777777777778
-0.4777777777777778
-0.4777777777777778
-0.4777777777777778
-0.4777777777777778
0.05263157894736842
0.05263157894736842
0.05263157894736842
1.9130434782608696
1.9130434782608696
1.9130434782608696
2.6666666666666665
0.05263157894736842
0.05263157894736842
0.05263157894736842
4.8
0.05263157894736842
4.8
4.0
13.142857142857148
7.2
3.0
-5.4
0.0
-8.6
-2.4285714285714284
-5.857142857142857
-5.857142857142857
0.0
7.8
7.8
2.4285714285714284
-2.0
-8.166666666666666
-2.0
0.0
-1.1111111111111112
-0.696078431372549
-0.696078431372549
-0.696078431372549
-0.696078431372549
-0.4777777777777778
-0.4777777777777778
-0.4777777777777778
-0.4777777777777778
-0.4777777777777778
-0.4777777777777778
-0.4777777777777778
-0.4777777777777778
0.05263157894736842
0.05263157894736842
0.05263157894736842
0.05263157894736842
0.05263157894736842
0.05263157894736842
0.05263157894736842
0.05263157894736842
0.05263157894736842
0.05263157894736842
0.05263157894736842
0.05263157894736842
0.05263157894736842
0.05263157894736842
0.05263157894736842
0.05263157894736842
0.05263157894736842
0.05263157894736842
0.05263157894736842
0.05263157894736842
0.05263157894736842
0.05263157894736842
0.05263157894736842
0.7333333333333333
1.9130434782608696
1.9130434782608696
0.7333333333333333
1.2727272727272727
1.2727272727272727
0.05263157894736842
0.05263157894736842
0.05263157894736842
0.05263157894736842
0.05263157894736842
0.05263157894736842
0.05263157894736842
0.05263157894736842
0.05263157894736842
-0.4777777777777778
0.05263157894736842
0.05263157894736842
0.05263157894736842
0.05263157894736842
0.05263157894736842
0.05263157894736842
0.05263157894736842