-0.025075225677031094
-0.025075225677031094
-0.025075225677031094
-0.025075225677031094
-0.025075225677031094
-0.025075225677031094
-0.025075225677031094
-0.025075225677031094
-0.025075225677031094
-0.025075225677031094
-0.025075225677031094
-0.025075225677031094
-0.025075225677031094
-0.025075225677031094
-0.025075225677031094
-0.025075225677031094
-0.025075225677031094
-0.025075225677031094
-0.025075225677031094
-0.025075225677031094
-0.025075225677031094
-0.025075225677031094
-0.025075225677031094
-0.025075225677031094
-0.025075225677031094
-0.025075225677031094
-0.025075225677031094
-0.025075225677031094
-0.025075225677031094
-0.025075225677031094
-0.025075225677031094
-0.025075225677031094
-0.025075225677031094
-0.025075225677031094
-0.025075225677031094
-0.025075225677031094
-0.025075225677031094
-0.5299145299145299
-0.5299145299145299
-0.5299145299145299
-0.5299145299145299
-0.5299145299145299
-0.025075225677031094
-0.025075225677031094
-0.025075225677031094
-0.025075225677031094
-0.025075225677031094
-0.025075225677031094
-0.025075225677031094
-0.025075225677031094
-0.025075225677031094
-0.025075225677031094
-0.025075225677031094
-0.025075225677031094
-0.025075225677031094
-0.025075225677031094
-0.025075225677031094
-0.025075225677031094
0.3333333333333333
-0.025075225677031094
-0.025075225677031094
-0.025075225677031094
-0.025075225677031094
-0.025075225677031094
-0.025075225677031094
-0.025075225677031094
-0.025075225677031094
-0.025075225677031094
-0.025075225677031094
0.7407407407407407
-0.2
-0.025075225677031094
-0.025075225677031094
-0.025075225677031094
-0.025075225677031094
-0.025075225677031094
5.333333333333333
-0.025075225677031094
-0.025075225677031094
-0.5299145299145299
-0.5299145299145299
-0.5299145299145299
-0.5929203539823009
-0.025075225677031094
-0.025075225677031094
-0.025075225677031094
-0.025075225677031094
-0.025075225677031094
-0.025075225677031094
-0.025075225677031094
-0.025075225677031094
-0.025075225677031094
-0.025075225677031094
-0.025075225677031094
-0.025075225677031094
-0.025075225677031094
-0.025075225677031094
-0.025075225677031094
-0.025075225677031094
-0.025075225677031094
-0.025075225677031094
-0.025075225677031094
-0.025075225677031094
5.333333333333333
1.8
3.4444444444444446
-0.2
5.333333333333333
4.833333333333333
6.75
8.714285714285714
10.799999999999994
10.799999999999994
10.799999999999994
10.75
0.0
-0.11764705882352941
-3.6
0.0
3.4444444444444446
9.0
2.5714285714285716
2.4444444444444446
-0.11764705882352941
8.333333333333334
-4.714285714285714
5.4
-3.6
-1.0
-1.2105263157894737
-1.2105263157894737
-1.2105263157894737
-0.5929203539823009
-0.5929203539823009
-0.5929203539823009
-0.025075225677031094
-0.025075225677031094
-0.025075225677031094
-0.5299145299145299
-0.5299145299145299
-0.5299145299145299
-0.025075225677031094
-0.025075225677031094
-0.025075225677031094
-0.025075225677031094
-0.025075225677031094
-0.025075225677031094
-0.025075225677031094
-0.025075225677031094
-0.025075225677031094
-0.025075225677031094
-0.025075225677031094
-0.025075225677031094
-0.025075225677031094
0.7407407407407407
1.8
3.4444444444444446
6.75
8.714285714285714
10.799999999999994
10.799999999999994
1.4705882352941178
-6.666666666666667
-0.2
-1.0
3.7142857142857144
-1.0
-2.375
3.7142857142857144
7.142857142857143
-0.5833333333333334
11.8
-0.11764705882352941
-6.5
-6.5
-6.5
-1.6
-6.5
-1.2105263157894737
-1.2105263157894737
-0.5929203539823009
-0.5929203539823009
-0.025075225677031094
3.8333333333333335
-0.5929203539823009
-0.025075225677031094
-0.5299145299145299
-0.025075225677031094
-0.5929203539823009
-0.025075225677031094
-0.025075225677031094
-0.025075225677031094
-0.025075225677031094
-0.025075225677031094
-0.025075225677031094
-0.025075225677031094
-0.025075225677031094
-0.025075225677031094
-0.025075225677031094
-0.025075225677031094
-0.025075225677031094
0.7407407407407407
1.8
3.4444444444444446
3.4444444444444446
7.4
7.4
1.4705882352941178
1.4705882352941178
-5.625
-5.625
-1.0
-1.0
6.5
5.2
6.5
-1.2
4.285714285714286
-5.625
3.7142857142857144
-3.833333333333332
8.333333333333334
-4.714285714285714
-1.7142857142857142
5.4
-1.0
-1.0
-0.5929203539823009
-0.5929203539823009
-0.025075225677031094
-0.025075225677031094
-0.5929203539823009
-0.025075225677031094
-0.025075225677031094
-0.5299145299145299
-0.5299145299145299
-0.5299145299145299
-0.025075225677031094
-0.5929203539823009
-0.025075225677031094
-0.025075225677031094
-0.025075225677031094
-0.025075225677031094
-0.025075225677031094
-0.025075225677031094
-0.025075225677031094
-0.025075225677031094
-0.025075225677031094
-0.025075225677031094
0.3333333333333333
-0.025075225677031094
-0.025075225677031094
0.23529411764705882
9.0
11.4
5.0
1.4705882352941178
1.4705882352941178
1.9
-4.714285714285714
-0.2
5.4
5.4
6.5
-1.2
3.7142857142857144
8.333333333333334
-0.11764705882352941
-0.2
-4.714285714285714
-1.4444444444444444
-1.0
-3.5714285714285716
-1.0
-0.5929203539823009
-0.5929203539823009
-0.5929203539823009
-0.5299145299145299
-0.5929203539823009
-0.5299145299145299
-0.5299145299145299
-0.5299145299145299
-0.025075225677031094
-0.025075225677031094
-0.025075225677031094
-0.025075225677031094
-0.025075225677031094
-0.025075225677031094
-0.025075225677031094
-0.025075225677031094
-0.025075225677031094
-0.025075225677031094
-0.025075225677031094
-0.025075225677031094
-0.025075225677031094
-0.025075225677031094
-0.025075225677031094
-0.025075225677031094
-0.025075225677031094
-0.025075225677031094
-0.025075225677031094
-0.025075225677031094
-0.025075225677031094
-0.025075225677031094
-0.025075225677031094
-0.025075225677031094
-0.025075225677031094
-0.025075225677031094
-0.025075225677031094
0.7407407407407407
-0.025075225677031094
-0.025075225677031094
-0.025075225677031094
-0.025075225677031094
-0.025075225677031094
-0.025075225677031094
-0.025075225677031094
-0.025075225677031094
-0.025075225677031094
-0.025075225677031094
-0.025075225677031094
-0.025075225677031094
-0.025075225677031094
-0.025075225677031094
-0.025075225677031094
-0.025075225677031094
-0.025075225677031094
-0.025075225677031094
-0.025075225677031094