0
-1
0
0
0
0
0
0
0
0
0
0
0
0
0
-1
0
0
0
1
0
1
-1
0
0
-2
1
1
0
1
-1
1
0
0
-2
0
-2
-2
-2
1
2
0
-1
0
0
-3
1
-1
-2
0
0
0
-1
0
0
0
0
0
0
0
0
0
0
1
1
4
6
7
5
-2
8
-6
-18
-6
15
6
8
3
2
-10
3
9
-9
-12
-1
-3
-2
0
-3
-5
3
0
0
-1
-1
-1
0
0
-1
0
0
0
0
0
0
0
0
0
0
-1
3
-1
1
4
5
14
7
5
1
-9
-12
6
6
10
11
11
3
-3
-1
-8
-1
-3
-3
-7
-3
2
-1
-2
-4
-1
0
0
-2
0
-1
0
0
0
0
-1
0
0
0
0
0
0
0
1
1
-3
2
5
4
6
7
3
1
2
-10
-2
3
11
14
-6
5
-7
-8
-5
-7
-3
-2
-4
1
-2
1
0
0
0
0
0
0
0
0
0
0
0
0
0
0
0
0
0
0
0
0
0
0
0
-2
7
3
8
4
2
6
1
-8
-10
11
14
4
6
-4
-3
-6
1
-4
-4
0
-6
-1
1
-5
2
1
-2
1
0
0
0
-4
0
-1
0
-2
-1
0
0
0
0
0
-1
-1
0
0
1
1
5
3
6
10
13
11
8
-6
-8
4
11
4
-1
-5
0
2
0
-13
-5
-2
0
-1
-1
-1
-1
1
0
0
0
1
0
-1
0
0
0
-2
0
-2
0
0
0
0
0
0
0
0
0
0
-1
0
1
-1
3
0
0
1
-4
0
0
0
-3
0
0
-1
-4
0
-1
-1
0
0
0
0
0
-2
0
1
0
0
-1