-0.00186219739292365
-0.00186219739292365
-0.00186219739292365
-0.00186219739292365
-0.00186219739292365
-0.00186219739292365
-0.00186219739292365
-0.00186219739292365
-0.00186219739292365
-0.00186219739292365
-0.00186219739292365
-0.00186219739292365
-0.00186219739292365
-0.00186219739292365
-0.00186219739292365
-0.00186219739292365
-0.00186219739292365
-0.00186219739292365
-0.00186219739292365
-0.00186219739292365
-0.00186219739292365
-0.00186219739292365
-0.00186219739292365
-0.00186219739292365
-0.00186219739292365
-0.00186219739292365
5.5
-0.00186219739292365
-0.00186219739292365
-0.00186219739292365
-0.00186219739292365
-0.00186219739292365
-0.9010989010989011
-0.9010989010989011
-0.1991869918699187
-0.9010989010989011
-0.9010989010989011
-0.00186219739292365
-0.00186219739292365
-0.00186219739292365
-0.00186219739292365
-0.00186219739292365
-0.00186219739292365
-0.00186219739292365
-0.00186219739292365
-0.1991869918699187
-0.00186219739292365
-0.00186219739292365
-0.00186219739292365
-0.00186219739292365
-0.00186219739292365
-0.00186219739292365
-0.00186219739292365
-0.00186219739292365
-0.00186219739292365
-0.00186219739292365
-0.00186219739292365
-0.00186219739292365
-0.00186219739292365
-0.00186219739292365
11.285714285714286
4.25
9.5
5.875
-2.0
-0.4098360655737705
-5.6
-6.833333333333333
-6.142857142857143
-0.5
-0.00186219739292365
-0.5
-0.4098360655737705
-0.4098360655737705
-4.875
0.6
0.6
-3.2
-3.2
-5.666666666666667
-0.9010989010989011
8.333333333333334
-0.1991869918699187
-0.1991869918699187
-0.9010989010989011
-0.1991869918699187
-0.9010989010989011
-0.00186219739292365
-0.00186219739292365
-0.1991869918699187
-0.00186219739292365
-0.00186219739292365
-0.00186219739292365
-0.9010989010989011
-0.00186219739292365
-0.00186219739292365
-0.00186219739292365
-0.00186219739292365
-0.00186219739292365
-0.00186219739292365
-0.00186219739292365
-0.00186219739292365
-0.00186219739292365
-0.00186219739292365
-0.00186219739292365
5.4
-0.00186219739292365
-0.00186219739292365
-0.4
1.6428571428571428
1.6428571428571428
1.6428571428571428
1.5
-1.775
-1.6451612903225807
2.8
-0.00186219739292365
-0.00186219739292365
-0.4098360655737705
-0.4098360655737705
-0.4098360655737705
-8.833333333333334
1.6875
1.6875
11.0
-8.833333333333334
-0.9010989010989011
-0.9010989010989011
-0.9010989010989011
-0.1991869918699187
-0.1991869918699187
-0.9010989010989011
-0.9010989010989011
-0.1991869918699187
-0.9010989010989011
-0.9010989010989011
-0.9010989010989011
-0.9010989010989011
-0.1991869918699187
-0.00186219739292365
-0.00186219739292365
-0.00186219739292365
-0.00186219739292365
-0.00186219739292365
-0.00186219739292365
-0.00186219739292365
-0.00186219739292365
-0.00186219739292365
-0.00186219739292365
-0.00186219739292365
-0.00186219739292365
-0.00186219739292365
-0.00186219739292365
-0.00186219739292365
-0.00186219739292365
-0.00186219739292365
-0.1991869918699187
-0.1991869918699187
7.8
-0.4098360655737705
-1.775
0.8333333333333334
0.8333333333333334
-4.285714285714286
-4.285714285714286
-0.00186219739292365
12.285714285714286
1.6
12.285714285714286
-0.4098360655737705
-1.6451612903225807
-1.2
-6.4
-0.9010989010989011
-2.533333333333333
-0.1991869918699187
-0.1991869918699187
-0.1991869918699187
-0.1991869918699187
-0.1991869918699187
-0.9010989010989011
-0.1991869918699187
-0.00186219739292365
-0.00186219739292365
-0.00186219739292365
-0.00186219739292365
-0.00186219739292365
-0.00186219739292365
-0.00186219739292365
-0.00186219739292365
-0.00186219739292365
-0.00186219739292365
-0.00186219739292365
-0.00186219739292365
-0.00186219739292365
-0.00186219739292365
-0.00186219739292365
-0.00186219739292365
-0.00186219739292365
-0.00186219739292365
-0.00186219739292365
-0.00186219739292365
-0.00186219739292365
-0.00186219739292365
-0.125
-1.7142857142857142
11.6
-0.4098360655737705
-0.4098360655737705
-1.775
0.8333333333333334
11.0
-4.285714285714286
12.285714285714286
-0.4098360655737705
-1.7142857142857142
-0.4098360655737705
-0.4098360655737705
-3.769230769230769
0.23076923076923078
-0.9010989010989011
-6.142857142857143
-0.9010989010989011
-0.1991869918699187
-0.9010989010989011
-0.9010989010989011
-0.1991869918699187
-0.9010989010989011
-0.00186219739292365
-0.1991869918699187
-0.00186219739292365
-0.00186219739292365
-0.1991869918699187
-0.00186219739292365
-0.00186219739292365
-0.00186219739292365
-0.00186219739292365
-0.00186219739292365
-0.00186219739292365
-0.00186219739292365
-0.1991869918699187
-0.00186219739292365
-0.00186219739292365
-0.00186219739292365
-0.00186219739292365
-0.00186219739292365
-0.00186219739292365
-0.00186219739292365
-0.00186219739292365
-0.00186219739292365
-0.00186219739292365
-0.00186219739292365
-0.4
4.25
12.666666666666666
5.875
-0.8
-2.4285714285714284
-2.4285714285714284
0.4444444444444444
0.23076923076923078
-1.6451612903225807
-2.0
-2.0
4.666666666666667
-1.7142857142857142
2.125
1.6875
-0.00186219739292365
-2.533333333333333
-0.9010989010989011
-0.9010989010989011
-0.9010989010989011
-0.9010989010989011
-0.1991869918699187
-0.1991869918699187
-0.9010989010989011
-0.9010989010989011
-0.9010989010989011
-0.00186219739292365
-0.00186219739292365
-0.00186219739292365
-0.00186219739292365
-0.00186219739292365
-0.00186219739292365
-0.00186219739292365
-0.00186219739292365
-0.00186219739292365
-0.00186219739292365
-0.00186219739292365
-0.00186219739292365
-0.00186219739292365
-0.00186219739292365
-0.00186219739292365
-0.00186219739292365
-0.00186219739292365
-0.00186219739292365
-0.00186219739292365
-0.00186219739292365
-0.00186219739292365
-0.00186219739292365
-0.00186219739292365
-0.00186219739292365
-0.00186219739292365
5.4
-0.00186219739292365
2.022727272727273
2.022727272727273
-0.00186219739292365
-0.00186219739292365
-0.00186219739292365
-0.00186219739292365
-0.00186219739292365
-0.1991869918699187
-0.00186219739292365
-0.00186219739292365
-0.00186219739292365
-0.1991869918699187
-0.00186219739292365
-0.9010989010989011
-0.9010989010989011
-0.1991869918699187
-0.00186219739292365
-0.00186219739292365
-0.00186219739292365
-0.00186219739292365
-0.00186219739292365
-0.00186219739292365
-0.00186219739292365