0.02383053839364519
0.02383053839364519
0.02383053839364519
0.02383053839364519
0.02383053839364519
0.02383053839364519
0.02383053839364519
0.02383053839364519
0.02383053839364519
0.02383053839364519
0.02383053839364519
0.02383053839364519
0.02383053839364519
0.02383053839364519
0.02383053839364519
0.02383053839364519
0.922077922077922
0.4959349593495935
0.922077922077922
0.4959349593495935
0.02383053839364519
0.02383053839364519
-0.13450292397660818
0.02383053839364519
0.922077922077922
0.02383053839364519
2.642857142857143
0.4959349593495935
0.922077922077922
0.02383053839364519
0.02383053839364519
0.02383053839364519
-0.4780361757105943
-0.4780361757105943
-0.13450292397660818
-0.13450292397660818
-0.13450292397660818
-0.4780361757105943
-0.13450292397660818
0.4959349593495935
0.02383053839364519
0.02383053839364519
-0.4780361757105943
-0.4780361757105943
-0.4780361757105943
-0.13450292397660818
0.02383053839364519
-0.4780361757105943
-0.13450292397660818
0.02383053839364519
0.02383053839364519
0.02383053839364519
0.02383053839364519
0.02383053839364519
0.02383053839364519
0.02383053839364519
0.02383053839364519
0.02383053839364519
0.922077922077922
0.922077922077922
5.333333333333333
5.888888888888889
3.7857142857142856
-0.8928571428571429
0.4959349593495935
6.8
0.4959349593495935
10.5
-3.8
-1.5
-1.25
-1.5
-0.6896551724137931
-0.5526315789473685
-0.06666666666666667
11.2
11.2
-1.3636363636363635
-8.799999999999994
-7.4
-8.799999999999994
-8.799999999999994
-0.13450292397660818
-0.13450292397660818
-0.4780361757105943
-0.13450292397660818
-0.13450292397660818
0.02383053839364519
-0.13450292397660818
-0.13450292397660818
-0.4780361757105943
-0.4780361757105943
-0.4780361757105943
-0.4780361757105943
-0.4780361757105943
0.02383053839364519
0.02383053839364519
0.02383053839364519
0.02383053839364519
0.02383053839364519
0.02383053839364519
0.02383053839364519
0.02383053839364519
0.02383053839364519
0.02383053839364519
1.8148148148148149
0.4959349593495935
0.922077922077922
8.571428571428571
8.571428571428571
2.1
-0.8928571428571429
-7.142857142857143
-11.4
-0.06666666666666667
-0.06666666666666667
-1.3636363636363635
-1.3636363636363635
-0.6896551724137931
-0.8
0.2
-9.0
0.5
0.5
5.200000000000003
2.4285714285714284
-1.3709677419354838
-0.4780361757105943
-1.3709677419354838
-0.13450292397660818
-0.13450292397660818
-0.13450292397660818
-0.4780361757105943
-0.13450292397660818
-0.13450292397660818
-0.4780361757105943
-0.4780361757105943
-0.4780361757105943
-0.13450292397660818
-0.4780361757105943
0.02383053839364519
0.02383053839364519
-0.13450292397660818
0.02383053839364519
0.02383053839364519
0.02383053839364519
0.02383053839364519
0.02383053839364519
0.02383053839364519
0.02383053839364519
0.02383053839364519
0.02383053839364519
0.922077922077922
0.922077922077922
0.02383053839364519
-0.13450292397660818
-0.5526315789473685
-0.5526315789473685
-0.5526315789473685
-0.5526315789473685
11.833333333333343
7.8
7.8
11.2
11.2
-1.3636363636363635
0.0
-0.6896551724137931
0.0
-0.5526315789473685
-6.285714285714286
-10.555555555555555
-10.555555555555555
-0.4780361757105943
-1.3709677419354838
-0.13450292397660818
-0.13450292397660818
-0.13450292397660818
-0.13450292397660818
-0.13450292397660818
-0.13450292397660818
-0.13450292397660818
0.02383053839364519
-0.13450292397660818
0.4959349593495935
0.02383053839364519
0.02383053839364519
0.02383053839364519
0.02383053839364519
0.02383053839364519
0.02383053839364519
0.02383053839364519
0.02383053839364519
0.02383053839364519
0.02383053839364519
0.02383053839364519
0.02383053839364519
0.02383053839364519
0.02383053839364519
0.02383053839364519
0.02383053839364519
0.02383053839364519
0.02383053839364519
0.02383053839364519
2.6
11.0
2.8
2.8
6.8
-9.0
7.8
2.4
-1.3636363636363635
0.0
-0.6896551724137931
-0.6896551724137931
-0.8
8.571428571428571
2.769230769230769
-10.555555555555555
-0.4780361757105943
-1.3709677419354838
-0.4780361757105943
-0.13450292397660818
-0.4780361757105943
-0.4780361757105943
-0.13450292397660818
-0.4780361757105943
-0.13450292397660818
-0.13450292397660818
0.02383053839364519
0.02383053839364519
-0.13450292397660818
0.4959349593495935
0.02383053839364519
0.02383053839364519
0.02383053839364519
0.02383053839364519
0.02383053839364519
-0.4780361757105943
-0.13450292397660818
-0.4780361757105943
-0.4780361757105943
0.02383053839364519
-0.13450292397660818
0.02383053839364519
0.02383053839364519
0.02383053839364519
0.02383053839364519
0.02383053839364519
0.02383053839364519
1.8148148148148149
8.571428571428571
8.833333333333334
5.777777777777778
-0.8928571428571429
2.1
-3.0
-3.0
-6.285714285714286
-0.06666666666666667
-0.06666666666666667
-7.777777777777778
-7.777777777777778
0.0
0.0
-1.0
-1.0
0.02383053839364519
-1.3709677419354838
-0.4780361757105943
-0.4780361757105943
-0.4780361757105943
-0.4780361757105943
-0.13450292397660818
-0.13450292397660818
-0.4780361757105943
-0.4780361757105943
-0.4780361757105943
-0.4780361757105943
0.02383053839364519
1.8148148148148149
0.4959349593495935
0.02383053839364519
0.02383053839364519
0.02383053839364519
0.02383053839364519
0.02383053839364519
0.02383053839364519
0.02383053839364519
0.02383053839364519
0.02383053839364519
-0.13450292397660818
0.02383053839364519
-0.13450292397660818
0.02383053839364519
0.02383053839364519
0.02383053839364519
0.02383053839364519
0.02383053839364519
0.02383053839364519
0.02383053839364519
0.02383053839364519
0.02383053839364519
1.8148148148148149
0.922077922077922
2.642857142857143
2.3333333333333335
0.02383053839364519
0.02383053839364519
0.02383053839364519
0.02383053839364519
0.02383053839364519
-0.13450292397660818
0.02383053839364519
0.02383053839364519
-0.4780361757105943
-0.13450292397660818
-0.4780361757105943
-0.4780361757105943
-0.4780361757105943
-0.13450292397660818
0.02383053839364519
0.02383053839364519
0.02383053839364519
0.02383053839364519
0.02383053839364519
0.02383053839364519
0.02383053839364519