-3
0
0
0
0
0
0
0
0
0
0
0
0
0
0
0
0
0
0
0
0
0
0
0
-1
0
0
0
0
0
-1
0
-1
-1
0
-1
-1
-2
2
0
0
0
-2
2
0
-2
0
-1
-1
-2
0
0
0
0
0
0
0
0
0
0
0
0
2
1
1
2
8
5
5
0
1
-4
-9
-8
11
16
8
5
3
1
3
-6
-4
-5
-11
1
-4
-1
-2
0
0
-2
-1
-1
-1
3
0
-1
0
0
0
0
0
0
0
0
0
0
0
0
0
1
1
2
5
2
7
12
4
1
-14
3
3
6
7
-3
3
2
4
15
-23
-5
-9
-2
-1
-7
2
-1
-1
0
2
-1
1
0
-2
-1
0
0
0
0
0
0
0
0
0
0
0
0
0
1
1
13
18
5
-4
25
-3
-2
-6
-16
-9
2
16
3
4
13
-7
-1
-15
-9
-3
-10
0
-2
2
-2
2
0
-1
-1
-1
-2
-1
0
2
0
1
0
-1
0
0
0
0
0
0
-1
0
0
4
0
10
6
0
9
5
-2
-13
-4
20
8
27
12
-1
-1
5
2
2
-12
-15
-8
1
-1
-1
1
0
-2
-1
-1
0
-1
-1
0
-1
-1
-1
0
0
0
0
0
0
0
1
0
0
1
-1
5
4
11
13
3
4
0
-3
-7
6
3
12
-2
3
-2
-3
3
-5
-4
3
-8
-4
0
-3
-3
-1
1
3
0
0
0
1
-1
0
-1
-1
0
0
0
0
0
0
0
0
0
0
0
0
-1
1
0
1
2
0
0
-2
1
-4
3
3
0
0
-2
0
0
-1
-1
0
0
0
-1
0
0
0
0
0
-1
-1
0