-0.12320574162679426
-0.12320574162679426
-0.12320574162679426
-0.12320574162679426
-0.12320574162679426
-0.12320574162679426
-0.12320574162679426
-0.12320574162679426
-0.12320574162679426
-0.12320574162679426
-0.12320574162679426
-0.12320574162679426
-0.12320574162679426
-0.12320574162679426
-0.12320574162679426
-0.12320574162679426
-0.12320574162679426
-0.12320574162679426
-0.12320574162679426
-0.12320574162679426
-0.12320574162679426
-0.12320574162679426
-0.12320574162679426
-0.12320574162679426
-0.12320574162679426
-0.12320574162679426
-0.12320574162679426
-0.12320574162679426
-0.12320574162679426
-0.12320574162679426
-0.12320574162679426
-0.12320574162679426
-0.12320574162679426
-0.12320574162679426
-0.12320574162679426
-0.12320574162679426
-0.12320574162679426
-0.12320574162679426
0.796875
-0.12320574162679426
-0.12320574162679426
-0.12320574162679426
-0.12320574162679426
-0.12320574162679426
-0.12320574162679426
-0.12320574162679426
-0.12320574162679426
-0.12320574162679426
-0.12320574162679426
-0.12320574162679426
-0.12320574162679426
-0.12320574162679426
-0.12320574162679426
-0.12320574162679426
-0.12320574162679426
-0.12320574162679426
-0.12320574162679426
1.375
5.166666666666667
4.2
7.75
10.0
6.571428571428571
5.666666666666667
4.714285714285714
4.714285714285714
5.625
-6.0
-2.1666666666666665
4.444444444444445
-0.375
-2.142857142857143
5.75
4.833333333333333
3.6666666666666665
-7.6
5.625
8.8
-2.1666666666666665
-1.4333333333333333
-0.12320574162679426
-0.12320574162679426
-0.12320574162679426
-0.12320574162679426
-0.12320574162679426
-0.12320574162679426
-0.12320574162679426
-0.12320574162679426
-0.12320574162679426
-0.12320574162679426
-0.12320574162679426
-0.12320574162679426
-0.12320574162679426
-0.12320574162679426
0.5625
0.796875
-0.12320574162679426
-0.12320574162679426
-0.12320574162679426
-0.12320574162679426
-0.12320574162679426
-0.12320574162679426
-0.12320574162679426
-0.12320574162679426
-0.12320574162679426
-0.12320574162679426
0.5625
0.5625
7.75
9.2
12.8
6.571428571428571
5.333333333333333
-1.3125
-4.857142857142857
9.0
9.0
9.0
8.2
8.2
8.2
-7.666666666666665
-7.666666666666665
-6.0
5.75
-2.6666666666666665
-2.6666666666666665
-2.6666666666666665
-2.6666666666666665
-2.6666666666666665
-0.12320574162679426
-0.12320574162679426
-0.12320574162679426
-0.12320574162679426
-0.12320574162679426
-0.12320574162679426
0.796875
-0.12320574162679426
0.5625
-0.12320574162679426
-0.12320574162679426
-0.12320574162679426
-0.12320574162679426
-0.12320574162679426
-0.12320574162679426
-0.12320574162679426
-0.12320574162679426
-0.12320574162679426
-0.12320574162679426
-0.12320574162679426
-0.12320574162679426
-0.12320574162679426
-0.12320574162679426
-0.12320574162679426
0.5625
0.5625
6.857142857142857
-4.875
-4.875
-0.6470588235294118
-13.2
-13.2
-3.1666666666666665
-0.6470588235294118
-1.2
-9.444444444444445
-0.12320574162679426
6.666666666666667
6.666666666666667
6.666666666666667
5.75
3.6666666666666665
-7.6
-2.6666666666666665
-2.6666666666666665
-2.6666666666666665
-0.12320574162679426
-0.12320574162679426
-0.12320574162679426
-0.12320574162679426
-0.12320574162679426
-0.12320574162679426
-0.12320574162679426
-0.12320574162679426
-0.12320574162679426
-0.12320574162679426
-0.12320574162679426
-0.12320574162679426
-0.12320574162679426
-0.12320574162679426
-0.12320574162679426
-0.12320574162679426
0.5625
0.796875
0.796875
-0.12320574162679426
-0.12320574162679426
-0.12320574162679426
-0.12320574162679426
-0.12320574162679426
-0.12320574162679426
-0.12320574162679426
-0.12320574162679426
4.333333333333333
1.374999999999999
6.0
6.571428571428571
4.714285714285714
1.0384615384615385
1.0384615384615385
3.6666666666666665
9.0
-0.12320574162679426
0.6486486486486487
0.6486486486486487
0.6486486486486487
-13.2
-13.2
-13.2
-4.777777777777779
-3.1666666666666665
-0.9298245614035088
-6.0
-6.0
-1.4333333333333333
-0.12320574162679426
-0.12320574162679426
-0.12320574162679426
-0.12320574162679426
-0.12320574162679426
-0.12320574162679426
-0.12320574162679426
-0.12320574162679426
-0.12320574162679426
-0.12320574162679426
-0.12320574162679426
-0.12320574162679426
-0.12320574162679426
-0.12320574162679426
-0.12320574162679426
-0.12320574162679426
-0.12320574162679426
-0.12320574162679426
-0.12320574162679426
-0.12320574162679426
-0.12320574162679426
-0.12320574162679426
0.5625
0.796875
0.796875
0.5625
0.796875
1.7777777777777777
1.7777777777777777
8.800000000000006
4.833333333333333
-1.3125
-9.4
-9.4
-7.6
-7.0
8.2
-7.6
1.2777777777777777
-0.375
-2.142857142857143
-0.9298245614035088
-0.9298245614035088
-0.9298245614035088
-0.12320574162679426
-1.4333333333333333
-0.12320574162679426
-0.12320574162679426
-1.4333333333333333
-0.12320574162679426
-0.12320574162679426
-1.4333333333333333
-0.12320574162679426
-0.12320574162679426
-0.12320574162679426
-0.12320574162679426
-0.12320574162679426
3.5
1.374999999999999
1.374999999999999
-0.12320574162679426
-0.12320574162679426
-0.12320574162679426
-0.12320574162679426
-0.12320574162679426
-0.12320574162679426
-0.12320574162679426
-0.12320574162679426
-0.12320574162679426
-0.12320574162679426
-0.12320574162679426
-0.12320574162679426
-0.12320574162679426
-0.12320574162679426
-0.12320574162679426
-0.12320574162679426
-0.12320574162679426
-0.12320574162679426
0.5625
3.5
3.5
5.25
0.796875
0.796875
1.7777777777777777
-0.12320574162679426
-0.375
-0.375
-1.9
-0.12320574162679426
1.374999999999999
0.796875
-0.12320574162679426
-0.12320574162679426
-0.12320574162679426
-0.12320574162679426
-0.12320574162679426
-0.12320574162679426
-0.12320574162679426
-0.12320574162679426
-0.12320574162679426
-0.12320574162679426
-0.12320574162679426
-0.12320574162679426