0.125
-0.013755158184319119
-0.013755158184319119
-0.013755158184319119
-0.013755158184319119
-0.013755158184319119
-0.013755158184319119
-0.013755158184319119
-0.013755158184319119
-0.013755158184319119
-0.013755158184319119
-0.013755158184319119
-0.013755158184319119
-0.013755158184319119
-0.013755158184319119
-0.013755158184319119
-0.013755158184319119
-0.013755158184319119
-0.013755158184319119
-0.013755158184319119
-0.013755158184319119
-0.013755158184319119
-0.013755158184319119
-0.013755158184319119
-0.013755158184319119
-0.013755158184319119
-0.013755158184319119
-0.013755158184319119
-0.013755158184319119
-0.013755158184319119
-0.6065573770491803
-0.6065573770491803
-0.6065573770491803
0.125
-0.013755158184319119
-0.013755158184319119
-0.013755158184319119
-0.013755158184319119
-0.013755158184319119
-0.013755158184319119
-0.013755158184319119
-0.013755158184319119
-0.013755158184319119
-0.013755158184319119
-0.6065573770491803
-0.6065573770491803
-0.013755158184319119
-0.013755158184319119
-0.013755158184319119
-0.013755158184319119
-0.013755158184319119
-0.013755158184319119
-0.013755158184319119
-0.013755158184319119
-0.013755158184319119
-0.013755158184319119
-0.013755158184319119
-0.013755158184319119
2.5555555555555554
2.5555555555555554
3.5
3.0
-0.8571428571428571
-0.8571428571428571
3.142857142857143
3.142857142857143
-6.0
-2.4
-6.285714285714286
-0.45454545454545453
2.8
12.125
0.1590909090909091
0.1590909090909091
-1.5
-1.5
-6.0
-2.4
-1.8461538461538463
-2.2857142857142856
-0.6065573770491803
-0.6065573770491803
-0.45454545454545453
-0.45454545454545453
-0.45454545454545453
-0.013755158184319119
-0.6065573770491803
-0.6065573770491803
-0.6065573770491803
-0.6065573770491803
0.125
-0.6065573770491803
-0.6065573770491803
-0.013755158184319119
-0.013755158184319119
-0.013755158184319119
-0.013755158184319119
-0.013755158184319119
-0.013755158184319119
-0.013755158184319119
-0.013755158184319119
-0.013755158184319119
-0.013755158184319119
-0.013755158184319119
-0.013755158184319119
-0.013755158184319119
-0.013755158184319119
-0.013755158184319119
2.5555555555555554
5.333333333333333
6.833333333333333
11.6
3.3
-1.2857142857142858
-0.2777777777777778
0.1111111111111111
-5.714285714285714
-8.714285714285714
7.6
9.875
9.875
7.6
7.6
7.6
0.1590909090909091
-5.428571428571429
-0.013755158184319119
-8.714285714285714
-5.222222222222222
-2.125
-0.45454545454545453
-0.45454545454545453
-0.45454545454545453
-0.6065573770491803
-0.6065573770491803
1.9230769230769231
-0.013755158184319119
-0.013755158184319119
-0.013755158184319119
-0.013755158184319119
-0.013755158184319119
-0.013755158184319119
-0.013755158184319119
-0.013755158184319119
-0.013755158184319119
-0.013755158184319119
-0.013755158184319119
-0.013755158184319119
-0.013755158184319119
-0.013755158184319119
-0.013755158184319119
-0.013755158184319119
-0.013755158184319119
-0.013755158184319119
-0.013755158184319119
-0.013755158184319119
12.5
8.250000000000002
3.3
-1.8
0.1590909090909091
-6.0
-6.0
0.1111111111111111
-8.714285714285714
-13.0
-0.45454545454545453
-0.45454545454545453
-0.45454545454545453
2.8
0.1590909090909091
5.6
5.6
-5.428571428571429
-8.714285714285714
-2.125
-0.3333333333333333
-0.6065573770491803
-0.45454545454545453
-0.45454545454545453
-0.6065573770491803
-0.45454545454545453
-0.013755158184319119
-0.013755158184319119
-0.013755158184319119
-0.6065573770491803
0.1111111111111111
-0.6065573770491803
-0.6065573770491803
0.125
-0.013755158184319119
0.125
-0.013755158184319119
-0.013755158184319119
-0.013755158184319119
-0.013755158184319119
-0.013755158184319119
-0.013755158184319119
-0.013755158184319119
-0.013755158184319119
-0.013755158184319119
-0.013755158184319119
-0.013755158184319119
-1.1666666666666667
1.1666666666666667
5.8
11.6
3.875
0.23529411764705882
0.23529411764705882
-3.2857142857142856
-2.2
-5.222222222222222
-0.38461538461538464
6.333333333333333
8.8
0.1590909090909091
6.333333333333333
-1.5
-7.777777777777778
-10.200000000000003
-3.2857142857142856
-2.4
-6.285714285714286
-2.2857142857142856
-0.6065573770491803
-0.3333333333333333
-0.45454545454545453
-0.45454545454545453
-0.45454545454545453
-0.013755158184319119
-0.6065573770491803
-0.6065573770491803
-0.013755158184319119
-0.6065573770491803
-0.6065573770491803
-0.6065573770491803
-0.6065573770491803
-0.6065573770491803
-0.6065573770491803
-0.6065573770491803
-0.013755158184319119
-0.013755158184319119
-0.013755158184319119
-0.013755158184319119
-0.013755158184319119
-0.013755158184319119
-0.013755158184319119
-0.013755158184319119
-0.013755158184319119
-0.013755158184319119
-0.013755158184319119
-1.1666666666666667
-1.1666666666666667
4.888888888888889
0.1590909090909091
-5.333333333333333
-0.2777777777777778
-0.2777777777777778
2.6
-5.428571428571429
0.125
6.833333333333333
1.9230769230769231
3.0
-0.38461538461538464
-0.2857142857142857
3.0
0.1111111111111111
-1.8461538461538463
-1.8461538461538463
-0.45454545454545453
-1.8461538461538463
-1.8461538461538463
-0.45454545454545453
-0.6065573770491803
-1.8461538461538463
-0.45454545454545453
-0.45454545454545453
0.125
0.125
0.125
1.1666666666666667
6.4
-0.4166666666666667
-0.013755158184319119
-0.013755158184319119
-0.013755158184319119
-0.013755158184319119
-0.013755158184319119
-0.013755158184319119
-0.013755158184319119
-0.013755158184319119
-0.013755158184319119
-0.013755158184319119
-0.013755158184319119
-0.013755158184319119
-0.013755158184319119
-0.013755158184319119
-0.013755158184319119
-0.013755158184319119
-0.013755158184319119
-0.013755158184319119
-0.013755158184319119
2.5555555555555554
2.5555555555555554
-0.4166666666666667
-0.013755158184319119
-0.013755158184319119
-0.013755158184319119
0.125
0.125
-0.013755158184319119
-0.4166666666666667
-0.013755158184319119
-0.4166666666666667
-0.013755158184319119
-0.013755158184319119
-0.013755158184319119
-0.013755158184319119
-0.013755158184319119
-0.013755158184319119
-0.013755158184319119
-0.013755158184319119
-0.013755158184319119
-0.013755158184319119
-0.013755158184319119
-0.013755158184319119
-0.013755158184319119