0
0
0
0
0
-1
0
0
0
0
0
0
0
0
0
0
0
0
0
0
0
0
0
0
2
0
0
0
0
-1
0
0
0
0
-2
-3
-2
2
-1
0
1
-1
0
0
0
0
0
0
0
0
0
0
-1
1
0
0
0
0
-2
1
-2
0
1
1
0
4
8
3
4
4
4
-6
-3
4
0
8
14
0
-6
11
-10
-6
0
-12
2
-7
-3
2
1
-1
0
-2
0
-1
0
-3
0
0
0
-2
0
0
0
-1
0
0
1
1
0
0
0
1
0
2
4
8
5
23
19
1
-3
2
0
-10
3
1
-5
5
0
1
-7
-10
-8
-4
-2
-1
-1
-1
0
-1
0
-1
0
0
0
-1
0
0
0
0
0
-1
0
-1
0
0
-1
0
0
0
0
2
8
12
8
4
8
0
-5
6
-2
9
7
-2
-9
7
6
-2
-16
-6
-5
-9
-4
2
-1
-2
2
-2
0
2
0
0
-1
0
0
0
0
0
0
0
0
0
1
-1
0
0
0
0
1
0
6
14
9
3
2
-1
-4
11
18
26
-5
7
8
-17
-10
-24
-12
7
14
-5
-9
-6
-8
-12
-17
-10
0
2
-3
-1
0
2
-2
0
0
0
0
0
0
0
0
0
-2
0
0
0
3
5
14
5
18
0
5
-15
-1
-3
-2
11
7
3
2
0
-1
-2
-3
-13
-3
-4
-2
-1
1
-2
-1
2
0
-1
1
0
0
0
0
0
0
0
0
0
0
0
0
0
0
0
0
0
0
0
0
0
-1
0
2
0
1
0
-1
0
0
-2
-1
-1
-1
1
0
-1
-1
0
0
0
0
0
0
0
0
0
0
-1