0.03333333333333333
0.012500000000000011
0.012500000000000011
0.012500000000000011
0.012500000000000011
0.012500000000000011
0.09285714285714286
0.09285714285714286
0.09285714285714286
0.09285714285714286
0.09285714285714286
0.09285714285714286
0.09285714285714286
0.09285714285714286
0.09285714285714286
0.09285714285714286
0.09285714285714286
0.09285714285714286
0.09285714285714286
1.8
4.5
4.5
4.5
4.5
0.8181818181818182
0.012500000000000011
0.012500000000000011
0.012500000000000011
0.012500000000000011
-0.42857142857142855
-0.25
-0.8
-0.3333333333333333
-0.4
-0.3333333333333333
-0.19047619047619047
-0.5555555555555556
0.8181818181818182
0.012500000000000011
0.012500000000000011
0.03333333333333333
0.012500000000000011
0.09285714285714286
0.09285714285714286
0.09285714285714286
0.09285714285714286
0.09285714285714286
0.03333333333333333
0.012500000000000011
0.012500000000000011
0.012500000000000011
0.012500000000000011
0.012500000000000011
0.03333333333333333
0.012500000000000011
-0.6666666666666666
0.15384615384615385
0.012500000000000011
0.6
-2.5
-2.5714285714285716
4.777777777777778
1.1428571428571428
4.6
-4.5
4.6
6.666666666666667
5.333333333333333
1.2222222222222223
1.2222222222222223
-0.6
-2.0
-2.0
-6.4
1.6
1.1111111111111112
1.8333333333333333
1.8333333333333333
1.8333333333333333
1.8333333333333333
1.6666666666666667
1.6666666666666667
-2.0
-0.5
-0.75
-0.8
-1.6666666666666667
-0.5555555555555556
-0.6666666666666666
-1.3333333333333333
-0.25
-0.3
0.15384615384615385
-0.5
-0.25
-0.19047619047619047
0.012500000000000011
0.012500000000000011
-0.42857142857142855
-1.0
0.012500000000000011
0.012500000000000011
0.8181818181818182
0.8181818181818182
2.1666666666666665
2.1666666666666665
2.1666666666666665
2.1666666666666665
1.8
7.2
4.777777777777778
-4.5
-8.2
-3.3333333333333344
-3.3333333333333344
3.8
-10.833333333333334
3.8
-5.166666666666667
-2.5
1.6666666666666667
5.333333333333333
-2.5714285714285716
-2.5714285714285716
1.2222222222222223
5.333333333333333
-1.6666666666666667
-1.6666666666666667
0.8
0.8
0.2
-0.5
0.16666666666666666
-0.19047619047619047
-1.1666666666666667
-0.3333333333333333
-0.3333333333333333
-1.3333333333333333
0.012500000000000011
0.012500000000000011
1.5714285714285714
0.012500000000000011
0.012500000000000011
0.012500000000000011
0.012500000000000011
0.012500000000000011
0.03333333333333333
0.012500000000000011
1.5714285714285714
0.012500000000000011
0.012500000000000011
0.15384615384615385
0.012500000000000011
0.012500000000000011
0.012500000000000011
0.012500000000000011
4.375
15.0
10.666666666666666
2.3333333333333335
2.3333333333333335
2.3333333333333335
0.0
6.666666666666667
1.3333333333333333
0.0
1.3333333333333333
-5.2
-0.6
6.666666666666667
-0.6
1.3333333333333333
5.333333333333333
-1.6666666666666667
9.125
-1.6666666666666667
-1.6666666666666667
-1.6666666666666667
0.2
-1.3333333333333333
1.6666666666666667
-1.3333333333333333
-0.3333333333333333
-0.5555555555555556
0.6
-0.5555555555555556
0.8181818181818182
-0.5555555555555556
0.8181818181818182
0.8181818181818182
0.012500000000000011
0.012500000000000011
0.012500000000000011
0.09285714285714286
0.09285714285714286
0.09285714285714286
0.09285714285714286
0.6666666666666673
0.03333333333333333
0.012500000000000011
0.012500000000000011
0.012500000000000011
0.03333333333333333
0.012500000000000011
0.8
7.2
4.777777777777778
-4.5
0.0
0.0
-6.0
-6.4
-2.0000000000000013
-10.833333333333334
-10.833333333333334
-10.833333333333334
-10.833333333333334
-10.833333333333334
3.8
-5.166666666666667
-1.6666666666666667
-1.6666666666666667
-1.6666666666666667
4.625
9.125
4.625
9.125
1.8333333333333333
1.8333333333333333
-1.1666666666666667
-1.6666666666666667
0.2
0.2
0.2
0.2
-0.5
-0.5555555555555556
-0.5555555555555556
-0.19047619047619047
-0.5555555555555556
-0.5555555555555556
-0.5555555555555556
0.012500000000000011
0.09285714285714286
0.09285714285714286
0.09285714285714286
0.09285714285714286
0.16666666666666666
0.012500000000000011
0.012500000000000011
0.012500000000000011
0.6
-2.5714285714285716
10.666666666666666
-4.5
-3.3333333333333344
-3.3333333333333344
-3.3333333333333344
1.1111111111111112
-1.3333333333333333
-5.166666666666667
-2.0
9.125
4.625
-5.2
-5.2
-2.0000000000000013
-3.4
0.0
4.0
-4.25
0.8
0.8
0.0
0.0
-0.5
0.0
-0.19047619047619047
-0.19047619047619047
-0.5555555555555556
-0.5555555555555556
0.6
0.8181818181818182
0.8181818181818182
0.012500000000000011
0.012500000000000011
0.8
0.09285714285714286
0.09285714285714286
0.09285714285714286
0.09285714285714286
0.09285714285714286
0.09285714285714286
0.09285714285714286
0.09285714285714286
0.09285714285714286
0.09285714285714286
0.09285714285714286
0.09285714285714286
0.09285714285714286
0.09285714285714286
0.09285714285714286
0.09285714285714286
0.03333333333333333
0.012500000000000011
0.8181818181818182
0.8181818181818182
0.8181818181818182
0.8181818181818182
0.8181818181818182
0.8181818181818182
0.012500000000000011
0.16666666666666666
0.3333333333333333
-0.3333333333333333
-0.3333333333333333
-0.3333333333333333
-0.3333333333333333
-2.0
-2.0
0.012500000000000011
0.03333333333333333
0.012500000000000011
0.012500000000000011
0.012500000000000011
0.09285714285714286
0.09285714285714286
0.09285714285714286
0.09285714285714286