0.06451612903225806
-0.19642857142857142
-0.19642857142857142
-0.19642857142857142
-0.19642857142857142
-0.21052631578947367
-0.049689440993788817
-0.049689440993788817
-0.049689440993788817
-0.049689440993788817
-0.049689440993788817
-0.049689440993788817
-0.049689440993788817
-0.049689440993788817
-0.049689440993788817
-0.049689440993788817
-0.049689440993788817
-0.049689440993788817
-0.049689440993788817
2.0
3.375
3.375
3.375
3.375
-1.3333333333333333
-0.19642857142857142
-0.19642857142857142
-0.19642857142857142
-0.19642857142857142
0.06451612903225806
-0.8888888888888888
-0.07692307692307693
-0.2
-1.375
-0.2
0.375
-1.3333333333333333
-1.3333333333333333
0.14285714285714285
-0.049689440993788817
-0.049689440993788817
-0.21052631578947367
-0.049689440993788817
-0.049689440993788817
-0.049689440993788817
-0.049689440993788817
-0.049689440993788817
0.06451612903225806
-0.049689440993788817
-0.049689440993788817
-0.049689440993788817
-0.049689440993788817
-0.049689440993788817
-0.6
0.14285714285714285
-0.6
0.14285714285714285
0.14285714285714285
-2.4285714285714284
-2.4285714285714284
12.5
9.9
11.5
4.857142857142857
4.857142857142857
-5.666666666666667
-3.8
6.2
-0.42857142857142855
6.2
2.8333333333333335
9.9
2.8333333333333335
9.833333333333334
-1.3333333333333333
-8.6
-2.0
5.5
-1.8571428571428572
-3.6
-1.2
-1.2
2.8333333333333335
-0.25
0.375
-0.25
-1.3333333333333333
-1.3333333333333333
-0.3
-0.3333333333333333
-0.8888888888888888
-0.08333333333333333
-0.5
-0.5
-0.8888888888888888
-0.08333333333333333
-0.0821917808219178
-0.0821917808219178
0.06451612903225806
-0.0821917808219178
-0.19642857142857142
-0.049689440993788817
0.21739130434782608
0.21739130434782608
1.6666666666666667
1.6666666666666667
1.6666666666666667
1.6666666666666667
1.2
6.0
9.9
4.857142857142857
5.999999999999996
13.8
-4.125
2.142857142857143
-0.2
-3.8
-2.0
-2.4285714285714284
-2.4285714285714284
1.4285714285714286
-2.4285714285714284
-0.25
-1.4
1.4285714285714286
-0.8571428571428571
-3.6
0.0
-1.8
-1.3333333333333333
0.6
-0.25
-0.8
-0.625
-0.625
-0.3333333333333333
0.14285714285714285
-0.0821917808219178
-0.0821917808219178
0.06451612903225806
-0.0821917808219178
-0.19642857142857142
-0.19642857142857142
-0.19642857142857142
-0.21052631578947367
0.06451612903225806
-0.19642857142857142
0.06451612903225806
-0.0821917808219178
-0.0821917808219178
0.14285714285714285
-0.0821917808219178
-0.0821917808219178
-0.19642857142857142
-0.19642857142857142
0.375
2.2222222222222223
7.555555555555555
-1.3333333333333333
-4.125
13.8
-8.0
2.142857142857143
-0.75
6.2
-0.42857142857142855
1.1111111111111112
2.8333333333333335
-2.0
9.9
-0.75
6.2
-3.6
-1.2
-3.6
-3.6
-1.8
-1.3333333333333333
-1.2
2.8333333333333335
-0.25
-0.2
-1.3333333333333333
0.375
0.375
0.14285714285714285
-1.3333333333333333
-1.3333333333333333
-1.3333333333333333
-0.19642857142857142
-0.19642857142857142
-0.21052631578947367
-0.049689440993788817
-0.049689440993788817
-0.049689440993788817
-0.049689440993788817
0.21739130434782608
-0.049689440993788817
-0.049689440993788817
-0.049689440993788817
-0.049689440993788817
-0.049689440993788817
-0.049689440993788817
0.21739130434782608
12.5
0.8
-1.3333333333333333
-4.125
-4.125
-8.0
-8.6
2.8333333333333335
7.555555555555555
-2.0
-8.0
-2.0
-0.2
-3.8
-2.0
-3.6
-3.6
5.5
3.8
5.5
3.8
3.8
-1.75
-3.6
-7.2
-1.8
-1.3333333333333333
-1.3333333333333333
-1.3333333333333333
-1.3333333333333333
-0.25
0.375
-1.3333333333333333
-0.08333333333333333
-1.3333333333333333
-1.3333333333333333
-1.3333333333333333
-0.0821917808219178
-0.049689440993788817
-0.049689440993788817
-0.049689440993788817
-0.049689440993788817
0.06451612903225806
-0.0821917808219178
-0.0821917808219178
-0.0821917808219178
2.111111111111111
12.5
7.555555555555555
-5.666666666666667
5.999999999999996
-4.125
-4.125
-3.8
9.833333333333334
-2.0
-0.8571428571428571
3.8
2.2222222222222223
2.8333333333333335
-3.4
2.8333333333333335
-3.8
-3.0
-7.8
-7.2
0.0
0.0
0.0
-0.14285714285714285
0.6
-0.07692307692307693
-0.2
-0.2
-1.3333333333333333
-1.3333333333333333
0.375
-1.3333333333333333
0.14285714285714285
-0.049689440993788817
-0.049689440993788817
0.21739130434782608
-0.049689440993788817
-0.049689440993788817
-0.049689440993788817
-0.049689440993788817
-0.049689440993788817
-0.049689440993788817
-0.049689440993788817
-0.049689440993788817
-0.049689440993788817
-0.049689440993788817
-0.049689440993788817
-0.049689440993788817
-0.049689440993788817
-0.049689440993788817
-0.049689440993788817
-0.049689440993788817
0.06451612903225806
-0.19642857142857142
0.375
-1.3333333333333333
0.14285714285714285
0.14285714285714285
0.14285714285714285
0.14285714285714285
-0.049689440993788817
-0.6
-0.3333333333333333
-0.3333333333333333
0.0
-0.625
-0.2
-0.3333333333333333
-0.3333333333333333
0.8
-0.8
-0.0821917808219178
-0.0821917808219178
-0.21052631578947367
-0.049689440993788817
-0.049689440993788817
-0.049689440993788817
-0.049689440993788817