0
-1
0
0
0
-2
0
0
0
0
0
0
0
0
0
1
0
0
1
0
0
0
-1
0
0
0
0
0
0
0
0
2
0
1
0
-1
0
-1
-2
1
0
0
-3
-2
0
0
-2
0
-1
0
0
0
0
0
0
0
0
0
-2
0
1
0
2
0
0
5
5
8
12
-4
2
-2
-2
-2
5
15
-4
0
7
4
-5
-3
-9
0
-5
-5
2
-2
-1
-3
3
2
-1
-2
-3
-3
0
-4
0
-2
0
0
0
0
0
0
0
-1
3
1
5
0
0
-1
4
4
3
4
1
17
5
-3
-13
0
-2
-1
7
3
-3
3
-11
-5
-5
-3
-5
1
-2
0
-1
0
-2
1
-1
0
-1
-2
0
0
0
0
0
-1
0
0
0
0
0
0
2
0
2
1
2
3
6
16
7
47
4
1
-21
-10
4
5
-9
-2
-2
-2
-11
-10
-3
-2
-1
0
-2
-2
0
-1
2
0
-1
-2
0
0
-2
0
0
0
0
0
0
-2
0
0
0
0
2
0
0
11
9
0
13
10
0
9
-5
-12
1
12
14
-1
1
2
-1
-4
-7
-8
-10
-4
-2
1
-1
2
1
1
-1
0
-2
0
-4
0
0
-1
0
0
-2
0
0
0
0
0
0
0
0
2
8
3
24
10
-14
-1
-7
11
-14
0
4
18
12
4
-1
2
-4
-14
-2
0
-6
-1
-1
0
0
-1
-2
0
-1
-5
-1
-3
0
-2
0
-2
0
-1
0
0
0
0
0
0
0
3
0
0
0
0
0
0
0
0
0
0
0
0
0
-1
1
0
0
-1
-1
0
0
0
0
0
0
-1
0
0
0
0
0
-1
0
0
0
0
0
0
-1
0
0
0
0
0
0
0
0
0
0
0
0
0
0
0
0
0
0
0
-1
-1
0
1
1
0
0
-1
0
-1
-1
0
0
0
-3
-2
-1
0
-1
-1
-1
0
-2
0
-1
0
0
0
0
0
0
0
0
0
0
0
0
1
3
3
5
2
3
-2
5
2
1
2
-7
1
12
10
3
-6
0
-1
-1
-4
-1
-5
-3
-3
-2
0
-1
-1
-2
0
-2
0
-1
-2
-2
0
-1
0
-1
0
0
0
0
0
-1
0
0
-1
1
1
0
0
6
5
0
0
-2
2
-7
1
4
-2
6
2
11
13
7
-11
-3
2
-7
-5
-6
0
0
0
0
1
0
-1
0
0
0
0
-1
0
0
0
0
0
0
0
1
0
0
1
0
3
0
3
2
4
15
0
0
15
2
-4
7
-5
6
7
-4
4
-5
2
-1
-4
-4
-3
1
-9
-1
1
3
-3
1
-1
0
-3
0
0
0
-1
0
0
0
0
0
0
0
0
0
0
2
0
1
0
8
10
-4
6
-1
-4
-12
-1
10
8
11
-2
2
-5
18
16
0
-16
-20
-5
0
0
-1
0
0
-3
-1
0
0
-2
0
0
0
-1
0
-1
0
0
-2
0
1
0
0
1
0
0
5
6
15
7
-10
1
4
7
-10
-4
11
15
0
4
5
-6
-6
-2
-7
-3
-4
-1
0
1
-2
0
-1
-1
1
-1
0
-1
0
0
0
0
0
0
0
0
0
0
0
0
0
0
0
0
0
0
0
0
-1
0
0
0
0
0
-2
0
0
0
0
-1
0
-2
0
0
-1
0
0
0
-6
0
0
0
0
-1
0
0
0
0
0
0
-2
0
0
0
0
0
0
0
0
0
0
0
0
0
0
0
0
0
0
0
-1
1
0
0
-2
0
0
0
0
-1
0
0
0
-1
-1
1
0
0
0
0
0
0
-3
0
-1
0
0
0
0
0
0
0
0
0
0
-2
-1
0
-1
2
2
1
3
12
2
10
6
-2
-2
-6
19
12
2
7
3
-2
-5
0
-2
-9
-8
-5
-1
-1
0
2
0
0
-2
-1
-2
0
0
0
0
0
0
0
0
-1
0
0
0
1
0
0
1
0
2
3
2
9
24
6
-9
16
9
-3
3
2
-1
3
-3
-3
-7
8
1
9
-9
-4
0
0
0
0
0
0
0
0
0
0
0
0
0
0
0
0
0
0
0
0
0
-1
-1
0
3
12
5
0
2
4
3
7
9
3
-5
4
0
7
9
1
-7
-5
-3
2
-19
-9
-2
-4
2
1
-1
-1
-1
0
-3
-1
1
-1
0
0
0
0
0
0
0
0
0
0
0
0
0
0
0
1
0
1
8
5
0
6
0
-4
-1
-7
10
12
3
8
0
10
-9
6
-4
-5
-2
2
-2
0
-3
3
-2
-1
-2
-2
0
0
0
-4
0
0
0
0
0
0
0
0
1
-2
1
0
0
0
8
1
16
18
2
-2
-5
7
-11
-2
4
4
13
-1
2
4
1
-4
-7
-4
-4
-1
0
-1
-1
-1
0
0
0
0
0
0
0
-1
0
0
0
0
0
0
0
0
0
0
0
0
0
0
0
1
0
-1
1
0
-1
-1
0
5
-2
2
-3
0
3
-3
0
-2
0
0
0
0
0
0
0
-1
0
-1
0
0
-1
0
0
0