0
2
0
0
0
0
0
0
0
0
0
0
0
0
0
-1
0
0
0
0
0
0
0
0
2
0
0
0
0
0
-2
-1
4
0
1
-2
-4
0
3
1
0
-1
0
-3
0
-1
0
0
-3
0
0
0
0
0
0
0
0
0
0
0
0
-2
1
1
2
1
6
3
12
5
4
-6
0
-4
-2
14
5
6
2
1
-8
0
-4
-11
-4
-3
1
-2
-2
2
1
-1
1
-2
0
-2
0
0
0
0
0
0
0
0
0
0
0
1
-2
2
0
4
3
4
8
7
15
9
0
0
4
3
-9
10
10
8
0
32
-9
-18
-24
-9
-7
-6
-2
-4
0
-1
1
0
0
-1
-1
-1
0
0
0
0
0
0
0
0
0
0
0
-2
0
0
0
0
-1
2
16
10
5
2
4
-8
-2
-12
1
10
11
4
8
6
-3
-6
6
-16
-9
1
-3
-3
-2
-1
-2
0
-2
1
0
-2
0
-3
0
0
0
0
0
0
0
0
-1
2
0
1
0
1
1
1
10
6
4
5
3
3
-2
-2
7
9
22
3
20
-3
-4
-7
-23
-7
-18
-8
-1
-4
3
-2
-1
0
0
0
0
0
0
0
0
0
0
0
0
0
0
0
0
0
0
0
0
2
-1
1
3
7
5
11
0
11
-5
-4
11
4
14
-9
1
-3
-3
3
-4
-6
-4
0
-4
-1
-2
-2
0
0
-2
0
0
0
-2
-1
0
0
0
0
0
0
0
0
0
0
0
0
0
0
0
0
0
0
0
1
0
0
-1
0
-3
2
4
-2
-1
1
0
3
-2
0
-1
0
0
0
0
0
0
0
0
0
0
0