1.6842105263157894
2.142857142857143
0.1148936170212766
0.1148936170212766
0.1148936170212766
0.1148936170212766
0.1148936170212766
0.1148936170212766
0.1148936170212766
0.1148936170212766
0.008097165991902834
0.008097165991902834
0.008097165991902834
0.008097165991902834
0.008097165991902834
0.008097165991902834
0.1148936170212766
0.1148936170212766
0.1148936170212766
1.4285714285714286
1.6842105263157894
1.6842105263157894
1.6842105263157894
1.6842105263157894
2.142857142857143
0.008097165991902834
0.008097165991902834
7.0
0.008097165991902834
0.008097165991902834
0.6
-0.9696969696969697
0.008097165991902834
-0.1111111111111111
0.008097165991902834
0.008097165991902834
-0.1111111111111111
0.008097165991902834
0.008097165991902834
0.008097165991902834
-0.34814814814814815
-0.34814814814814815
0.008097165991902834
-0.34814814814814815
0.008097165991902834
0.008097165991902834
0.008097165991902834
0.008097165991902834
-0.1111111111111111
0.1148936170212766
0.1148936170212766
0.1148936170212766
0.1148936170212766
0.1148936170212766
0.1148936170212766
0.1148936170212766
0.008097165991902834
0.008097165991902834
0.008097165991902834
0.008097165991902834
0.008097165991902834
6.999999999999997
14.0
4.2
5.333333333333333
2.6
-3.8
-3.8
-3.8
-8.5
1.5
1.5
-0.1
-0.1
-0.1
4.666666666666667
-6.0
1.4
-2.5
-0.2
-0.2
-3.3333333333333335
-3.3333333333333335
-0.5862068965517241
-0.34814814814814815
-0.9696969696969697
0.008097165991902834
7.0
0.008097165991902834
0.008097165991902834
-0.9696969696969697
-0.34814814814814815
0.008097165991902834
0.008097165991902834
0.008097165991902834
0.008097165991902834
0.1148936170212766
0.1148936170212766
0.1148936170212766
0.1148936170212766
0.1148936170212766
0.1148936170212766
0.9333333333333333
0.008097165991902834
0.008097165991902834
0.008097165991902834
1.2857142857142858
-1.0
6.999999999999997
-0.5
-0.5
7.0
-4.666666666666667
-2.8333333333333335
-2.8333333333333335
-2.8333333333333335
8.166666666666666
5.5
2.888888888888889
-6.0
-6.0
-6.0
-5.333333333333333
-5.333333333333333
-5.333333333333333
-10.571428571428571
-10.571428571428571
-10.571428571428571
-0.2
-0.2
-0.2
-0.2
-0.5862068965517241
-0.5862068965517241
-0.34814814814814815
-0.1111111111111111
0.008097165991902834
0.0
0.0
0.0
0.0
0.0
0.008097165991902834
0.008097165991902834
0.1148936170212766
0.1148936170212766
0.1148936170212766
0.1148936170212766
0.1148936170212766
0.1148936170212766
0.008097165991902834
0.008097165991902834
0.008097165991902834
0.008097165991902834
0.008097165991902834
0.008097165991902834
0.008097165991902834
1.5
4.833333333333333
-8.4
-8.4
2.6
4.666666666666667
1.4
5.833333333333333
0.38461538461538464
9.333333333333334
1.375
-1.6
1.375
-4.666666666666667
9.2
-3.8
6.0
5.5
-1.16
-1.6666666666666667
-1.6666666666666667
-1.16
-0.5862068965517241
-0.5862068965517241
-0.34814814814814815
-0.34814814814814815
-0.34814814814814815
-0.34814814814814815
-0.34814814814814815
-0.34814814814814815
0.008097165991902834
-0.34814814814814815
0.008097165991902834
0.008097165991902834
0.008097165991902834
0.008097165991902834
-0.1111111111111111
0.1148936170212766
0.1148936170212766
0.1148936170212766
0.008097165991902834
0.008097165991902834
0.008097165991902834
0.008097165991902834
0.008097165991902834
0.008097165991902834
3.4
0.0
3.857142857142857
7.0
4.2
5.333333333333333
5.333333333333333
-2.8333333333333335
1.1666666666666667
8.0
-7.2
6.999999999999997
-8.4
-8.4
-8.4
2.2222222222222223
2.2222222222222223
4.666666666666667
-10.571428571428571
-10.571428571428571
-1.16
-0.2
-0.2
-0.2
0.38461538461538464
0.38461538461538464
0.38461538461538464
0.38461538461538464
0.38461538461538464
0.008097165991902834
0.008097165991902834
0.008097165991902834
0.1148936170212766
0.1148936170212766
0.1148936170212766
0.1148936170212766
0.1148936170212766
0.1148936170212766
0.1148936170212766
0.1148936170212766
0.1148936170212766
0.1148936170212766
0.1148936170212766
0.1148936170212766
0.1148936170212766
0.1148936170212766
0.1148936170212766
1.4285714285714286
0.008097165991902834
0.008097165991902834
1.2857142857142858
6.999999999999997
6.999999999999997
9.6
-2.8333333333333335
7.0
-1.6666666666666667
-1.6666666666666667
9.6
3.2
-1.2
4.222222222222222
4.222222222222222
-7.5
-7.5
-7.5
0.38461538461538464
-1.16
0.38461538461538464
0.38461538461538464
-1.16
-0.2
-0.875
-2.3333333333333335
-0.34814814814814815
-0.34814814814814815
-0.34814814814814815
-0.34814814814814815
0.008097165991902834
0.008097165991902834
0.008097165991902834
-0.34814814814814815
0.008097165991902834
0.008097165991902834
0.008097165991902834
0.008097165991902834
0.008097165991902834
0.1148936170212766
0.1148936170212766
0.1148936170212766
0.1148936170212766
0.1148936170212766
0.1148936170212766
0.1148936170212766
0.1148936170212766
0.1148936170212766
0.1148936170212766
0.1148936170212766
0.1148936170212766
0.1148936170212766
0.1148936170212766
0.9333333333333333
1.9444444444444444
1.9444444444444444
0.008097165991902834
0.008097165991902834
0.008097165991902834
0.008097165991902834
-0.1111111111111111
0.6
0.6
-0.1111111111111111
0.008097165991902834
0.008097165991902834
0.6
0.008097165991902834
0.008097165991902834
0.008097165991902834
0.008097165991902834
0.008097165991902834
0.008097165991902834
0.008097165991902834
0.1148936170212766
0.1148936170212766
0.1148936170212766
0.1148936170212766