1.1428571428571428
1.1428571428571428
-0.06227544910179641
-0.06227544910179641
-0.06227544910179641
-0.06227544910179641
-0.06227544910179641
-0.06227544910179641
-0.06227544910179641
-0.06227544910179641
-0.06227544910179641
-0.06227544910179641
-0.06227544910179641
-0.06227544910179641
-0.06227544910179641
-0.06227544910179641
-0.06227544910179641
-0.06227544910179641
-0.06227544910179641
1.1428571428571428
1.1428571428571428
1.1428571428571428
1.1428571428571428
1.1428571428571428
1.1428571428571428
-0.06227544910179641
-0.06227544910179641
0.7058823529411765
-0.06227544910179641
0.0
-0.06227544910179641
-0.06227544910179641
-0.06227544910179641
0.7058823529411765
-0.06227544910179641
-0.06227544910179641
0.7058823529411765
1.4285714285714286
-4.0
-0.06227544910179641
-0.06227544910179641
-0.06227544910179641
-0.06227544910179641
-0.06227544910179641
-0.06227544910179641
-0.06227544910179641
-0.06227544910179641
-0.06227544910179641
0.7058823529411765
-0.06227544910179641
-0.06227544910179641
-0.06227544910179641
-0.06227544910179641
-0.06227544910179641
-0.06227544910179641
-0.06227544910179641
-0.06227544910179641
-0.06227544910179641
-0.06227544910179641
0.0
0.8181818181818182
2.6666666666666665
4.571428571428571
4.2
4.2
0.2222222222222222
9.875
1.7142857142857142
8.875
-6.333333333333333
2.6666666666666665
2.6666666666666665
-3.625
1.8333333333333333
1.8333333333333333
4.333333333333333
3.6666666666666665
-4.222222222222222
-6.571428571428571
-0.9
-0.9565217391304348
-4.0
-4.0
-0.32352941176470607
-2.5714285714285716
0.7058823529411765
-0.06227544910179641
0.7058823529411765
-0.06227544910179641
-0.06227544910179641
-0.06227544910179641
-0.06227544910179641
-0.06227544910179641
-0.06227544910179641
-0.06227544910179641
-0.06227544910179641
-0.06227544910179641
-0.06227544910179641
-0.06227544910179641
-0.06227544910179641
-0.06227544910179641
-0.06227544910179641
-0.06227544910179641
-0.06227544910179641
-0.06227544910179641
-0.06227544910179641
0.7058823529411765
7.666666666666667
0.7058823529411765
2.5714285714285716
2.5714285714285716
0.2222222222222222
-2.8333333333333335
-10.0
-0.25
-1.4285714285714286
-0.25
0.5
6.2
4.777777777777778
1.8333333333333333
1.4285714285714286
-5.199999999999994
3.0
-3.888888888888889
-2.0
-2.0
-2.0
-1.0833333333333333
-1.0833333333333333
-1.0833333333333333
-1.0833333333333333
-0.9565217391304348
-0.32352941176470607
-0.06227544910179641
-0.9565217391304348
-0.06227544910179641
-0.06227544910179641
-0.06227544910179641
-0.06227544910179641
-0.06227544910179641
-0.06227544910179641
-0.06227544910179641
-0.06227544910179641
-0.06227544910179641
-0.06227544910179641
-0.06227544910179641
-0.06227544910179641
-0.06227544910179641
-0.06227544910179641
-0.06227544910179641
-0.06227544910179641
-0.06227544910179641
-0.06227544910179641
-0.06227544910179641
-0.06227544910179641
-0.06227544910179641
18.0
18.0
18.0
18.0
-3.8
9.875
-6.2
-4.222222222222222
-0.06227544910179641
5.857142857142857
12.0
6.0
-5.199999999999994
9.666666666666657
-0.25
4.333333333333333
7.666666666666667
-11.714285714285714
-11.714285714285714
-6.166666666666667
-6.166666666666667
-11.714285714285714
-0.32352941176470607
-0.32352941176470607
-0.4794520547945205
0.06451612903225806
-0.4794520547945205
0.06451612903225806
-0.06227544910179641
-0.4794520547945205
-0.06227544910179641
-0.4794520547945205
-0.06227544910179641
-0.06227544910179641
-0.06227544910179641
-0.06227544910179641
0.7058823529411765
-0.06227544910179641
-0.06227544910179641
-0.06227544910179641
-0.06227544910179641
-0.06227544910179641
-0.06227544910179641
0.0
0.0
7.666666666666667
-0.2
0.8181818181818182
5.5
5.5
2.5714285714285716
9.666666666666657
-6.875
-0.25
-0.25
-4.0
7.666666666666667
-2.4285714285714284
-5.199999999999994
-2.75
-5.199999999999994
-6.222222222222222
-6.222222222222222
3.0
-2.0
-2.0
-2.0
-1.0
-1.0833333333333333
-1.0833333333333333
-1.0833333333333333
-0.32352941176470607
-0.32352941176470607
0.0
-2.5714285714285716
-0.06227544910179641
-0.06227544910179641
-0.06227544910179641
-0.06227544910179641
-0.06227544910179641
-0.06227544910179641
-0.06227544910179641
-0.06227544910179641
-0.06227544910179641
-0.06227544910179641
-0.06227544910179641
-0.06227544910179641
-0.06227544910179641
-0.06227544910179641
-0.06227544910179641
-0.06227544910179641
-0.06227544910179641
-0.06227544910179641
1.1428571428571428
-0.06227544910179641
0.0
3.0
4.125
4.125
4.125
-6.875
9.666666666666657
9.875
4.333333333333333
1.4285714285714286
-3.625
-2.75
3.6666666666666665
6.0
4.333333333333333
-5.0
-8.0
-2.5714285714285716
0.46153846153846156
-3.8
0.06451612903225806
-1.3333333333333333
0.06451612903225806
-0.9565217391304348
-0.4794520547945205
-0.4794520547945205
-0.9565217391304348
-0.4794520547945205
-0.4794520547945205
-0.06227544910179641
-0.06227544910179641
-0.06227544910179641
-0.06227544910179641
-0.06227544910179641
-0.06227544910179641
-0.06227544910179641
-0.06227544910179641
-0.06227544910179641
-0.06227544910179641
-0.06227544910179641
-0.06227544910179641
-0.06227544910179641
-0.06227544910179641
-0.06227544910179641
-0.06227544910179641
-0.06227544910179641
-0.06227544910179641
-0.06227544910179641
-0.06227544910179641
-0.06227544910179641
-0.06227544910179641
-0.06227544910179641
-0.06227544910179641
-0.06227544910179641
-0.06227544910179641
-0.06227544910179641
-0.06227544910179641
-0.06227544910179641
-0.06227544910179641
0.7058823529411765
-0.06227544910179641
-0.06227544910179641
0.7058823529411765
0.8571428571428571
0.8571428571428571
-0.06227544910179641
-0.06227544910179641
-0.06227544910179641
-0.06227544910179641
-0.06227544910179641
-0.06227544910179641
-0.06227544910179641
-0.06227544910179641
-0.06227544910179641
-0.06227544910179641
-0.06227544910179641
-0.06227544910179641