0
0
0
0
0
0
0
0
-1
0
0
0
0
0
0
0
0
0
0
0
0
0
0
0
0
0
0
0
-1
0
-2
-2
-1
-2
-2
-3
-6
-1
-1
0
-2
1
1
0
-7
0
-1
0
0
-1
-1
0
0
-1
0
0
0
0
0
0
-1
-3
0
2
4
9
6
6
7
3
9
0
-8
4
8
6
8
10
0
1
-5
-14
-2
3
-3
8
-19
-10
38
-15
-16
-36
-1
-2
0
-4
-1
-1
-3
0
0
0
-1
-1
0
0
-1
0
0
0
0
0
7
0
8
15
18
3
-6
-1
-7
5
9
10
-1
13
5
10
-3
-7
-9
-1
-12
-4
-3
-4
-4
-1
-2
0
-5
0
-2
0
-1
-3
0
-1
0
0
0
0
0
-1
0
0
0
0
0
0
1
4
8
9
27
-5
-1
9
-9
2
3
13
2
-4
7
7
-4
-8
-7
-8
-7
-5
-3
-6
-6
-1
0
-2
0
-1
-1
-1
0
-2
0
0
0
-2
-1
-1
0
0
0
-1
0
0
0
2
-2
4
4
11
1
2
2
2
-2
2
19
7
-4
2
4
1
2
-7
-1
-7
-11
-6
0
-3
-1
-2
-1
-3
-2
-1
-2
-1
0
-1
0
0
0
0
0
0
0
0
0
0
0
0
1
0
3
4
6
25
-10
3
2
5
4
1
13
5
14
-7
-12
8
-4
10
-10
-8
-10
-3
-2
-2
0
-5
0
-3
-1
0
-2
-2
0
0
-1
0
0
0
0
0
-1
0
0
0
0
0
0
0
0
0
0
0
0
0
0
0
0
0
0
0
-2
-1
0
0
-3
-3
-1
-1
-3
0
-1
-3
0
-5
-1
0
0
-1
-1
0