-0.046588235294117646
-0.046588235294117646
-0.046588235294117646
-0.046588235294117646
-0.046588235294117646
-0.046588235294117646
-0.046588235294117646
-0.046588235294117646
-0.046588235294117646
-0.046588235294117646
-0.046588235294117646
-0.046588235294117646
-0.046588235294117646
-0.046588235294117646
-0.046588235294117646
-0.046588235294117646
-0.046588235294117646
-0.046588235294117646
-0.046588235294117646
-0.046588235294117646
-0.046588235294117646
-0.046588235294117646
-0.046588235294117646
-0.046588235294117646
-0.046588235294117646
-0.046588235294117646
-0.046588235294117646
-0.7625698324022346
-0.7625698324022346
-0.7625698324022346
-0.7625698324022346
-0.7625698324022346
-0.7625698324022346
-0.7625698324022346
-0.7625698324022346
-0.7625698324022346
-0.5377906976744186
-0.046588235294117646
-0.046588235294117646
1.0493827160493827
-0.046588235294117646
-0.046588235294117646
-0.046588235294117646
-0.046588235294117646
-0.5377906976744186
-0.046588235294117646
-0.046588235294117646
-0.046588235294117646
-0.046588235294117646
-0.046588235294117646
-0.046588235294117646
-0.046588235294117646
-0.046588235294117646
-0.046588235294117646
-0.046588235294117646
-0.046588235294117646
-0.046588235294117646
-0.046588235294117646
-0.046588235294117646
1.5072463768115942
1.5072463768115942
1.5072463768115942
7.6
1.6333333333333333
-2.3529411764705865
-2.3529411764705865
-3.0
-1.0735294117647058
0.32727272727272727
0.13333333333333333
0.32727272727272727
0.13333333333333333
0.13333333333333333
-10.4
-10.6
-1.0735294117647058
-1.0735294117647058
-1.0735294117647058
-0.5377906976744186
4.444444444444445
-2.3333333333333335
4.444444444444445
-1.4444444444444444
11.666666666666666
-1.4444444444444444
-11.142857142857142
-1.4444444444444444
-2.3333333333333335
-11.142857142857142
-0.5377906976744186
-0.5377906976744186
-0.5377906976744186
-0.7625698324022346
-0.7625698324022346
-0.7625698324022346
-0.5377906976744186
-0.046588235294117646
-0.046588235294117646
-0.046588235294117646
-0.046588235294117646
-0.046588235294117646
-0.046588235294117646
-0.046588235294117646
-0.046588235294117646
-0.046588235294117646
-0.046588235294117646
-0.046588235294117646
10.375
3.2
4.666666666666667
2.6
4.545454545454546
-10.4
1.0493827160493827
1.0493827160493827
-1.0735294117647058
-1.0735294117647058
1.5072463768115942
9.125
0.32727272727272727
0.13333333333333333
-2.3529411764705865
-2.3529411764705865
-10.6
1.0493827160493827
-1.0735294117647058
-1.25
-1.25
-0.7625698324022346
-0.5377906976744186
-0.5377906976744186
-0.7625698324022346
-0.5377906976744186
-0.7625698324022346
-0.5377906976744186
-0.7625698324022346
-0.5377906976744186
-0.7625698324022346
-0.7625698324022346
-0.046588235294117646
-0.7625698324022346
-0.046588235294117646
-0.7625698324022346
-0.046588235294117646
-0.046588235294117646
-0.5377906976744186
-0.046588235294117646
-0.046588235294117646
-0.046588235294117646
-0.046588235294117646
-0.046588235294117646
-0.046588235294117646
-0.046588235294117646
-0.046588235294117646
-0.046588235294117646
-0.046588235294117646
5.625
10.0
3.5555555555555554
4.545454545454546
1.0493827160493827
-10.4
-2.3529411764705865
-1.0735294117647058
-1.0735294117647058
3.611111111111111
1.5072463768115942
1.0493827160493827
1.5072463768115942
1.5072463768115942
0.13333333333333333
-1.0735294117647058
-2.2
-2.4444444444444446
-8.88888888888889
-8.88888888888889
-0.7625698324022346
-0.5377906976744186
-0.7625698324022346
-0.7625698324022346
-0.5377906976744186
-0.5377906976744186
-0.7625698324022346
-0.5377906976744186
-0.5377906976744186
-0.7625698324022346
-0.7625698324022346
-0.7625698324022346
-0.7625698324022346
-0.7625698324022346
-0.046588235294117646
-0.046588235294117646
-0.046588235294117646
-0.046588235294117646
-0.046588235294117646
-0.046588235294117646
-0.046588235294117646
-0.046588235294117646
-0.046588235294117646
-0.046588235294117646
-0.046588235294117646
-0.046588235294117646
-0.046588235294117646
-0.046588235294117646
3.0
10.0
5.571428571428568
2.0277777777777777
10.0
2.0277777777777777
2.0277777777777777
-1.903225806451613
3.2
9.125
10.0
1.0493827160493827
1.5072463768115942
-0.9333333333333333
-1.0735294117647058
2.0277777777777777
-0.046588235294117646
-0.046588235294117646
-2.2
-2.549019607843137
-2.549019607843137
-0.5377906976744186
-0.7625698324022346
-0.5377906976744186
-0.5377906976744186
-0.5377906976744186
-0.7625698324022346
-0.7625698324022346
-0.7625698324022346
-0.7625698324022346
-0.7625698324022346
-0.5377906976744186
-0.7625698324022346
-0.7625698324022346
-0.046588235294117646
-0.046588235294117646
-0.046588235294117646
-0.046588235294117646
-0.046588235294117646
-0.046588235294117646
-0.046588235294117646
-0.046588235294117646
-0.046588235294117646
-0.046588235294117646
-0.046588235294117646
-0.046588235294117646
-0.046588235294117646
2.0526315789473686
5.625
14.0
4.545454545454546
-1.0735294117647058
6.6
6.6
6.6
-1.0735294117647058
13.0
2.6
1.6333333333333333
5.2
-1.0735294117647058
-1.0735294117647058
7.285714285714286
1.0493827160493827
0.32727272727272727
-7.400000000000011
-2.3333333333333335
-1.25
-7.400000000000011
-1.25
-0.5377906976744186
-0.5377906976744186
-0.5377906976744186
-0.5377906976744186
-0.7625698324022346
-0.7625698324022346
-0.046588235294117646
-0.5377906976744186
-0.7625698324022346
-0.5377906976744186
-0.046588235294117646
-0.046588235294117646
-0.046588235294117646
-0.046588235294117646
-0.046588235294117646
-0.046588235294117646
-0.046588235294117646
-0.046588235294117646
-0.046588235294117646
-0.046588235294117646
-0.046588235294117646
-0.046588235294117646
-0.046588235294117646
-0.046588235294117646
-0.046588235294117646
-0.046588235294117646
-0.046588235294117646
-0.046588235294117646
-0.046588235294117646
-0.046588235294117646
-0.046588235294117646
-0.046588235294117646
-0.046588235294117646
-0.046588235294117646
-0.046588235294117646
-0.046588235294117646
-0.046588235294117646
-0.046588235294117646
-0.046588235294117646
-0.046588235294117646
-0.046588235294117646
-0.046588235294117646
-0.7625698324022346
-0.7625698324022346
-0.7625698324022346
-0.7625698324022346
-0.5377906976744186
-0.7625698324022346
-0.7625698324022346
-0.7625698324022346
-0.7625698324022346
-0.7625698324022346
-0.7625698324022346
-0.5377906976744186
-0.046588235294117646