-0.19759825327510916
-0.19759825327510916
-0.19759825327510916
-0.19759825327510916
-0.19759825327510916
-0.19759825327510916
-0.19759825327510916
-0.19759825327510916
-0.19759825327510916
-0.19759825327510916
-0.19759825327510916
-0.19759825327510916
-0.19759825327510916
-0.19759825327510916
-0.19759825327510916
-0.19759825327510916
-0.19759825327510916
-0.19759825327510916
-0.19759825327510916
-0.19759825327510916
-0.19759825327510916
-0.19759825327510916
-0.19759825327510916
-0.19759825327510916
-0.19759825327510916
-0.19759825327510916
-0.19759825327510916
-0.19759825327510916
-0.19759825327510916
-0.19759825327510916
-0.19759825327510916
-0.19759825327510916
-0.19759825327510916
-0.19759825327510916
-0.19759825327510916
-0.19759825327510916
-0.19759825327510916
-0.19759825327510916
-0.19759825327510916
-1.5512820512820513
-0.19759825327510916
-0.19759825327510916
-0.19759825327510916
-0.19759825327510916
-0.19759825327510916
-0.19759825327510916
-0.19759825327510916
-0.19759825327510916
-0.19759825327510916
-0.19759825327510916
-0.19759825327510916
-0.19759825327510916
-0.19759825327510916
-0.19759825327510916
-0.19759825327510916
-0.19759825327510916
-0.19759825327510916
-0.19759825327510916
-0.19759825327510916
0.5723684210526315
0.5723684210526315
0.5723684210526315
0.37349397590361444
-1.1428571428571448
-1.1428571428571448
-5.0
-0.1044776119402985
0.13089005235602094
0.13089005235602094
0.5723684210526315
0.13089005235602094
0.5723684210526315
0.37349397590361444
-0.1044776119402985
-0.1044776119402985
0.13089005235602094
3.6666666666666665
3.6666666666666665
-0.19759825327510916
-0.19759825327510916
-0.19759825327510916
-0.19759825327510916
-2.5
8.8
3.3999999999999773
3.3999999999999773
2.142857142857143
7.285714285714286
-8.2
-0.19759825327510916
-0.19759825327510916
-0.19759825327510916
-0.19759825327510916
-0.19759825327510916
-0.19759825327510916
-0.19759825327510916
-0.19759825327510916
-0.19759825327510916
-0.19759825327510916
-0.19759825327510916
-0.19759825327510916
-0.19759825327510916
-0.19759825327510916
-0.19759825327510916
-0.19759825327510916
-0.19759825327510916
-0.19759825327510916
8.428571428571429
1.2352941176470589
2.4545454545454546
0.37349397590361444
0.37349397590361444
-0.1044776119402985
-2.0
-2.0
-2.9166666666666674
-7.0
0.5723684210526315
0.5723684210526315
7.444444444444445
0.37349397590361444
-5.0
-1.5555555555555525
-0.1044776119402985
-2.9166666666666674
-1.0
3.6666666666666665
3.6666666666666665
-0.19759825327510916
-0.19759825327510916
-0.19759825327510916
-0.19759825327510916
-0.19759825327510916
-0.19759825327510916
-0.19759825327510916
-0.19759825327510916
-0.19759825327510916
-0.19759825327510916
-0.19759825327510916
-0.19759825327510916
-0.19759825327510916
-0.19759825327510916
-0.19759825327510916
-0.19759825327510916
-0.19759825327510916
-0.19759825327510916
-0.19759825327510916
-0.19759825327510916
-0.19759825327510916
-0.19759825327510916
-0.19759825327510916
-0.19759825327510916
-0.19759825327510916
-0.19759825327510916
-0.19759825327510916
1.7425742574257426
6.625
2.4545454545454546
3.0
-3.142857142857143
-0.1044776119402985
-0.1044776119402985
-0.46153846153846156
7.25
-8.833333333333334
-0.19759825327510916
0.5723684210526315
-2.9166666666666674
0.5723684210526315
3.0
-1.3333333333333333
-2.9166666666666674
-2.5
-0.19759825327510916
-2.4615384615384617
-2.4615384615384617
-0.19759825327510916
-0.19759825327510916
-0.19759825327510916
-0.19759825327510916
-0.19759825327510916
-0.19759825327510916
-0.19759825327510916
-0.19759825327510916
-0.19759825327510916
-0.19759825327510916
-0.19759825327510916
-0.19759825327510916
-0.19759825327510916
-0.19759825327510916
-0.19759825327510916
-0.19759825327510916
-0.19759825327510916
-0.19759825327510916
-0.19759825327510916
-0.19759825327510916
-0.19759825327510916
-0.19759825327510916
-0.19759825327510916
-0.19759825327510916
-0.19759825327510916
-0.19759825327510916
1.7425742574257426
-0.19759825327510916
6.625
7.7499999999999964
2.272727272727273
2.5384615384615383
2.272727272727273
-1.6428571428571428
2.5384615384615383
3.0
6.0
1.1666666666666667
-0.46153846153846156
2.6666666666666665
3.0
-0.46153846153846156
-0.1044776119402985
0.13089005235602094
-0.19759825327510916
0.13089005235602094
-1.5512820512820513
-1.5512820512820513
-1.5512820512820513
-0.19759825327510916
-0.19759825327510916
-0.19759825327510916
-0.19759825327510916
-0.19759825327510916
-0.19759825327510916
-0.19759825327510916
-0.19759825327510916
-0.19759825327510916
-0.19759825327510916
-0.19759825327510916
-0.19759825327510916
-0.19759825327510916
-0.19759825327510916
-0.19759825327510916
-0.19759825327510916
-0.19759825327510916
-0.19759825327510916
-0.19759825327510916
-0.19759825327510916
-0.19759825327510916
-0.19759825327510916
-0.19759825327510916
-0.19759825327510916
1.7425742574257426
1.2352941176470589
4.333333333333333
8.666666666666666
7.428571428571429
-3.142857142857143
7.25
7.25
7.25
7.25
-10.714285714285714
0.5723684210526315
0.37349397590361444
-2.375
0.37349397590361444
-9.666666666666666
2.48
2.48
10.285714285714286
2.48
8.8
8.8
3.6666666666666665
8.8
3.6666666666666665
-0.19759825327510916
-0.19759825327510916
-0.19759825327510916
-0.19759825327510916
-0.19759825327510916
-0.19759825327510916
-0.19759825327510916
-0.19759825327510916
-0.19759825327510916
-0.19759825327510916
-0.19759825327510916
-0.19759825327510916
-0.19759825327510916
-0.19759825327510916
-0.19759825327510916
-0.19759825327510916
-0.19759825327510916
-0.19759825327510916
-0.19759825327510916
-0.19759825327510916
-0.19759825327510916
-0.19759825327510916
-0.19759825327510916
-0.19759825327510916
-0.19759825327510916
-0.19759825327510916
-0.19759825327510916
-0.19759825327510916
-0.19759825327510916
-0.19759825327510916
-0.19759825327510916
-0.19759825327510916
-0.19759825327510916
-0.19759825327510916
-0.19759825327510916
-0.19759825327510916
-0.19759825327510916
-0.19759825327510916
-0.19759825327510916
-0.19759825327510916
-0.19759825327510916
-0.19759825327510916
-0.19759825327510916
-0.19759825327510916
-0.19759825327510916
-0.19759825327510916
-0.19759825327510916
-0.19759825327510916
-0.19759825327510916
-0.19759825327510916
-0.19759825327510916
-0.19759825327510916
-0.19759825327510916
-0.19759825327510916
-0.19759825327510916