0
0
0
0
-2
0
0
0
0
0
0
0
0
0
0
0
0
0
0
0
0
0
0
0
-1
1
0
0
-2
0
0
0
0
-1
0
0
0
-1
-1
1
0
0
0
0
0
0
-3
0
-1
0
0
0
0
0
0
0
0
0
0
-2
-1
0
-1
2
2
1
3
12
2
10
6
-2
-2
-6
19
12
2
7
3
-2
-5
0
-2
-9
-8
-5
-1
-1
0
2
0
0
-2
-1
-2
0
0
0
0
0
0
0
0
-1
0
0
0
1
0
0
1
0
2
3
2
9
24
6
-9
16
9
-3
3
2
-1
3
-3
-3
-7
8
1
9
-9
-4
0
0
0
0
0
0
0
0
0
0
0
0
0
0
0
0
0
0
0
0
0
-1
-1
0
3
12
5
0
2
4
3
7
9
3
-5
4
0
7
9
1
-7
-5
-3
2
-19
-9
-2
-4
2
1
-1
-1
-1
0
-3
-1
1
-1
0
0
0
0
0
0
0
0
0
0
0
0
0
0
0
1
0
1
8
5
0
6
0
-4
-1
-7
10
12
3
8
0
10
-9
6
-4
-5
-2
2
-2
0
-3
3
-2
-1
-2
-2
0
0
0
-4
0
0
0
0
0
0
0
0
1
-2
1
0
0
0
8
1
16
18
2
-2
-5
7
-11
-2
4
4
13
-1
2
4
1
-4
-7
-4
-4
-1
0
-1
-1
-1
0
0
0
0
0
0
0
-1
0
0
0
0
0
0
0
0
0
0
0
0
0
0
0
1
0
-1
1
0
-1
-1
0
5
-2
2
-3
0
3
-3
0
-2
0
0
0
0
0
0
0
-1
0
-1
0
0
-1
0