0.05555555555555555
0.05555555555555555
0.05555555555555555
0.05555555555555555
-0.2
0.0547945205479452
0.0547945205479452
0.0547945205479452
0.0547945205479452
0.0547945205479452
0.0547945205479452
0.0547945205479452
0.0547945205479452
0.0547945205479452
0.0547945205479452
0.0547945205479452
0.0547945205479452
0.0547945205479452
0.0547945205479452
0.3076923076923077
0.0
-0.125
-0.125
-1.3333333333333333
0.0
-1.3333333333333333
0.05555555555555555
0.05555555555555555
0.0
-0.23809523809523814
-0.23809523809523814
-0.23809523809523814
0.3076923076923077
-0.4444444444444444
0.0
-0.2857142857142857
-0.2857142857142857
0.0
0.0
0.3333333333333333
0.0547945205479452
-1.0
-0.75
-1.0
-0.75
-0.75
-0.75
-0.23809523809523814
-0.2222222222222222
0.0547945205479452
0.0547945205479452
0.0547945205479452
0.0547945205479452
0.0547945205479452
0.0
0.0
0.0
-1.0
-0.8333333333333334
0.0
1.8
6.25
6.857142857142857
10.4
6.857142857142857
-1.0
-4.0
1.6
-5.4
6.857142857142857
16.333333333333332
-7.555555555555554
8.333333333333334
8.333333333333334
-7.555555555555554
1.6
0.0
-0.8
-7.333333333333333
-3.125
-0.2
-2.625
0.14285714285714285
1.0
-1.0
-1.1666666666666667
0.0
-0.8333333333333334
-0.8333333333333334
-0.8333333333333334
-1.0
-1.0
-0.125
0.0
-0.2
0.0547945205479452
0.0547945205479452
0.0547945205479452
0.3076923076923077
-0.23809523809523814
-0.23809523809523814
-0.23809523809523814
0.0
0.0
0.3333333333333333
0.0
1.6
0.0
2.888888888888889
6.25
6.857142857142857
8.333333333333334
-7.555555555555554
-5.6
-5.166666666666667
-5.6
-5.6
3.0
6.857142857142857
-2.0
-5.4
-0.75
-0.8
-7.333333333333333
10.444444444444445
-4.714285714285713
10.444444444444445
-7.333333333333333
-4.714285714285713
-5.4
2.0
-3.599999999999997
-1.0
-1.1666666666666667
0.0547945205479452
0.0547945205479452
0.0547945205479452
0.0547945205479452
0.0547945205479452
0.0547945205479452
0.0547945205479452
0.0547945205479452
0.0547945205479452
0.0547945205479452
0.0547945205479452
0.0547945205479452
0.0547945205479452
0.0547945205479452
0.0547945205479452
0.0547945205479452
0.3076923076923077
0.3076923076923077
-0.4444444444444444
0.5
0.14285714285714285
16.333333333333332
10.4
10.4
-1.0
-1.0
10.4
-2.2
-1.0
-5.4
-4.0
-5.4
0.5555555555555556
16.333333333333332
16.333333333333332
-5.4
0.0
3.875
-7.333333333333333
0.125
2.7142857142857144
2.7142857142857144
2.7142857142857144
2.7142857142857144
-1.4
-1.0
0.0
-1.2222222222222223
-0.125
-1.3333333333333333
-0.5384615384615384
-1.2222222222222223
0.0
-0.75
-0.75
0.0
-0.125
-0.2222222222222222
0.0547945205479452
0.0547945205479452
0.0547945205479452
0.0547945205479452
0.0547945205479452
0.0547945205479452
0.0547945205479452
0.0547945205479452
0.0547945205479452
0.0547945205479452
0.3333333333333333
0.3333333333333333
0.0
10.444444444444445
10.4
10.4
16.333333333333332
10.4
-5.4
-5.4
-3.599999999999997
3.875
10.444444444444445
0.14285714285714285
-5.166666666666667
-5.166666666666667
-1.0
1.6
0.5555555555555556
-5.4
-4.714285714285713
-3.125
0.2
-0.8
-2.0
-2.0
-4.714285714285713
-4.714285714285713
-4.714285714285713
-4.714285714285713
-4.714285714285713
-4.714285714285713
-1.2222222222222223
-0.125
-1.3333333333333333
-0.2
-0.75
-0.75
-0.75
-1.1666666666666667
0.0547945205479452
0.0547945205479452
0.0547945205479452
0.3333333333333333
-1.3333333333333333
0.0
-0.125
-0.125
-0.125
10.444444444444445
0.16666666666666666
0.14285714285714285
8.333333333333334
-7.555555555555554
-7.555555555555554
-7.555555555555554
-7.555555555555554
-0.8888888888888888
-4.714285714285713
16.333333333333332
10.444444444444445
16.333333333333332
10.444444444444445
0.5555555555555556
-1.0
10.4
1.6
-3.599999999999997
-7.333333333333333
-3.125
-2.625
0.14285714285714285
16.333333333333332
-1.2222222222222223
-1.2222222222222223
-0.5384615384615384
-0.4444444444444444
-0.2222222222222222
-0.2222222222222222
-0.2222222222222222
0.0547945205479452
0.0547945205479452
0.3076923076923077
-0.23809523809523814
-0.23809523809523814
-0.23809523809523814
-0.23809523809523814
-0.2222222222222222
0.0547945205479452
0.0547945205479452
0.0547945205479452
0.0547945205479452
0.0547945205479452
0.0547945205479452
0.0547945205479452
0.0547945205479452
0.0547945205479452
0.0547945205479452
0.3333333333333333
0.3333333333333333
-0.125
0.5
0.5
-0.125
-1.3333333333333333
0.0
2.888888888888889
0.5
3.875
-1.0
3.875
-4.2
-4.714285714285713
-1.0
-4.714285714285713
-0.75
-1.0
-0.75
0.05555555555555555
-0.2
0.0547945205479452
0.0547945205479452
0.3076923076923077
-0.23809523809523814
0.3076923076923077
-0.4444444444444444
-0.4444444444444444