0.05555555555555555
0.05555555555555555
0.05555555555555555
0.05555555555555555
-0.4
0.273972602739726
0.273972602739726
0.273972602739726
0.273972602739726
0.273972602739726
0.273972602739726
0.273972602739726
0.273972602739726
0.273972602739726
0.273972602739726
0.273972602739726
0.273972602739726
0.273972602739726
0.273972602739726
0.25
-0.375
-0.375
-0.375
0.16666666666666666
-0.5
0.0
0.05555555555555555
0.05555555555555555
-0.8
-0.09523809523809523
-0.09523809523809523
-0.09523809523809523
0.25
0.16666666666666666
0.5
0.5
0.5
0.5
-0.375
0.5555555555555556
0.273972602739726
-2.375
-0.7777777777777778
-0.7777777777777778
-0.7777777777777778
-0.7777777777777778
-0.3333333333333333
-0.09523809523809523
0.0
0.273972602739726
0.273972602739726
0.273972602739726
0.273972602739726
0.273972602739726
0.16666666666666666
-0.2
-0.1
-0.3333333333333333
-0.5
1.0
0.4
5.2
-2.2222222222222223
17.400000000000006
17.400000000000006
-1.875
-0.5000000000000023
6.5
0.8333333333333334
4.166666666666667
4.166666666666667
4.166666666666667
4.166666666666667
-12.2
-12.2
6.5
-1.0
-6.5
-6.5
-2.4
-2.1666666666666665
-2.1666666666666665
-2.1666666666666665
-0.2222222222222222
-0.2222222222222222
-0.3333333333333333
-0.375
0.0
0.0
-0.5
0.16666666666666666
0.16666666666666666
-0.18181818181818182
-0.8
-0.4
0.273972602739726
0.273972602739726
0.273972602739726
0.25
-0.09523809523809523
-0.09523809523809523
-0.09523809523809523
-0.375
-0.375
0.5555555555555556
1.8571428571428572
1.8571428571428572
4.166666666666667
11.25
11.25
4.5
-12.2
-5.4
-12.2
-5.4
-5.4
-12.2
-6.0
-2.2222222222222223
6.5
-4.0
-2.125
-4.0
-6.5
5.8
-1.0
1.0
-6.5
11.4
-4.0
0.14285714285714285
0.8333333333333334
-0.2222222222222222
-0.3333333333333333
0.273972602739726
0.273972602739726
0.273972602739726
0.273972602739726
0.273972602739726
0.273972602739726
0.273972602739726
0.273972602739726
0.273972602739726
0.273972602739726
0.273972602739726
0.273972602739726
0.273972602739726
0.273972602739726
0.273972602739726
0.273972602739726
0.25
0.25
-0.2727272727272727
5.2
1.0
-2.2222222222222223
-6.0
17.400000000000006
-1.125
-1.125
-1.125
-1.125
-1.125
-4.0
-6.0
-4.0
-6.0
-2.2222222222222223
-2.2222222222222223
-4.0
-2.375
-6.5
-6.5
-1.0
-1.0
0.6666666666666666
-1.0
-1.0
-0.2222222222222222
-0.2222222222222222
0.14285714285714285
-0.3333333333333333
0.16666666666666666
-2.375
-0.3333333333333333
-0.7777777777777778
-0.7777777777777778
-0.7777777777777778
-0.3333333333333333
0.5
0.0
0.0
0.273972602739726
0.273972602739726
0.273972602739726
0.273972602739726
0.273972602739726
0.273972602739726
0.273972602739726
0.273972602739726
0.273972602739726
0.273972602739726
0.5555555555555556
0.5555555555555556
1.8571428571428572
11.25
4.5
4.5
-1.125
-1.125
-4.0
0.8333333333333334
0.8333333333333334
11.4
1.0
1.0
4.166666666666667
4.166666666666667
-1.875
-7.0
-2.2222222222222223
-4.0
-2.375
-0.4
5.8
-6.5
0.2222222222222222
0.14285714285714285
1.0
-2.375
0.14285714285714285
1.0
0.14285714285714285
-0.5
-0.18181818181818182
-0.18181818181818182
-1.0
-0.16666666666666666
-0.7777777777777778
-0.7777777777777778
-0.7777777777777778
-0.3333333333333333
0.273972602739726
0.273972602739726
0.273972602739726
0.5555555555555556
0.16666666666666666
-0.375
-0.375
-0.375
0.0
1.0
11.25
17.400000000000006
-12.2
-5.4
-12.2
-7.8
-12.2
-7.8
-2.375
11.4
5.8
-2.2222222222222223
1.0
-2.2222222222222223
-0.5000000000000023
-6.0
6.5
0.8333333333333334
-6.5
-0.4
-2.1666666666666665
0.6666666666666666
-1.375
0.2222222222222222
0.2222222222222222
-1.0
0.16666666666666666
-1.8333333333333333
-0.2727272727272727
0.0
0.273972602739726
0.273972602739726
0.25
-0.09523809523809523
-0.09523809523809523
-0.09523809523809523
-0.09523809523809523
0.0
0.273972602739726
0.273972602739726
0.273972602739726
0.273972602739726
0.273972602739726
0.273972602739726
0.273972602739726
0.273972602739726
0.273972602739726
0.273972602739726
0.5555555555555556
0.5555555555555556
0.0
2.0
2.0
0.16666666666666666
0.0
-0.5
5.2
-1.6666666666666667
1.0
-1.0
-2.125
-1.0
0.14285714285714285
-1.0
0.14285714285714285
-2.125
-2.375
-0.3333333333333333
0.05555555555555555
-0.4
0.273972602739726
0.273972602739726
0.25
-0.09523809523809523
0.25
-0.2727272727272727
-0.2727272727272727