1
0
0
0
0
-1
0
0
0
0
0
0
0
0
0
0
0
0
0
0
1
-1
0
0
-1
1
1
-1
-1
0
2
1
0
-3
-1
-2
1
-1
0
1
-2
-1
-2
1
0
-3
0
1
0
0
-1
-1
-1
0
0
0
0
0
0
-1
0
0
0
0
0
0
8
10
5
3
5
7
-12
-9
5
8
-2
13
4
2
5
-12
-14
-10
-4
0
-1
-3
2
-2
0
0
0
0
0
0
0
0
0
0
0
0
0
0
0
0
0
1
0
0
0
0
0
3
7
6
10
11
6
22
1
3
-7
4
-8
9
4
2
-5
-3
-3
-15
-6
-1
-1
-2
-4
0
-2
0
-1
-1
0
0
0
0
0
0
0
0
-1
0
0
0
0
0
0
0
0
2
-1
3
6
6
1
13
-4
19
3
-1
3
-1
5
-3
-2
-8
0
-9
-2
2
-5
-4
-1
0
-2
-3
1
0
0
-2
0
0
0
0
0
0
0
0
0
0
0
0
2
0
0
0
0
0
3
2
10
10
7
9
3
-7
18
-8
8
-2
13
-12
1
4
-6
-3
-6
-7
1
-5
-2
-3
0
-1
0
-1
0
0
1
0
0
0
-1
0
0
0
0
0
0
-1
0
0
0
0
1
0
2
5
18
13
-5
-2
-2
3
0
-10
8
9
19
-6
-1
-1
-3
-2
-10
-7
-5
0
1
8
-8
0
-4
-1
0
0
0
-1
0
0
0
0
0
0
0
0
-1
0
0
0
0
0
0
0
0
0
0
0
1
0
0
1
1
0
-3
0
2
-2
1
0
1
1
1
0
0
1
-2
0
1
-2
0
0
0
0
0
0