-0.06379585326953748
-0.06379585326953748
-0.06379585326953748
-0.06379585326953748
-0.06379585326953748
-0.06379585326953748
-0.06379585326953748
-0.06379585326953748
-0.06379585326953748
-0.06379585326953748
-0.06379585326953748
-0.06379585326953748
-0.06379585326953748
-0.06379585326953748
-0.06379585326953748
-0.06379585326953748
-0.06379585326953748
-0.06379585326953748
-0.06379585326953748
-0.06379585326953748
-0.06379585326953748
-0.06379585326953748
-0.06379585326953748
-0.06379585326953748
-0.06379585326953748
-0.5555555555555556
-0.5555555555555556
-0.06379585326953748
-0.5294117647058824
-0.5294117647058824
-0.5294117647058824
-0.5294117647058824
-0.2857142857142857
-0.18518518518518517
-0.06379585326953748
-0.06379585326953748
-0.06379585326953748
-0.06379585326953748
-0.06379585326953748
-0.06379585326953748
-0.47368421052631576
-1.0
-0.18518518518518517
-0.5294117647058824
-0.5294117647058824
-0.5294117647058824
-0.06379585326953748
-0.06379585326953748
-0.06379585326953748
-0.06379585326953748
-0.06379585326953748
-0.06379585326953748
-0.06379585326953748
-0.06379585326953748
-0.06379585326953748
-0.06379585326953748
-0.06379585326953748
-0.06379585326953748
-0.06379585326953748
-0.06379585326953748
-0.06379585326953748
6.714285714285714
6.714285714285714
2.142857142857143
2.142857142857143
-4.8
-3.3333333333333335
0.14285714285714285
-2.6666666666666665
3.0
-2.2857142857142856
-2.6666666666666665
1.6
0.2
-5.833333333333333
-5.833333333333333
4.222222222222222
-2.6666666666666665
-9.0
-2.375
-2.375
-0.4117647058823529
-0.4117647058823529
-1.4285714285714286
1.5
-0.5294117647058824
-0.5294117647058824
-0.18518518518518517
-0.06379585326953748
-0.06379585326953748
-0.06379585326953748
-0.06379585326953748
-0.06379585326953748
-0.06379585326953748
-0.06379585326953748
-0.06379585326953748
-0.06379585326953748
-0.06379585326953748
-0.06379585326953748
-0.06379585326953748
-0.06379585326953748
-0.06379585326953748
-0.06379585326953748
-0.06379585326953748
-0.06379585326953748
-0.06379585326953748
-0.06379585326953748
-0.06379585326953748
2.4
8.88888888888889
8.88888888888889
2.142857142857143
2.600000000000011
2.600000000000011
2.600000000000011
-7.5
-7.5
3.6
-5.833333333333333
3.6
4.375
4.444444444444445
9.2
4.222222222222222
4.375
4.222222222222222
-9.0
-2.375
-0.4117647058823529
2.0
2.0
-0.4117647058823529
-2.5
-0.47368421052631576
-0.47368421052631576
-0.47368421052631576
-0.18518518518518517
-0.06379585326953748
-0.06379585326953748
-0.06379585326953748
-0.06379585326953748
-0.06379585326953748
-0.06379585326953748
-0.06379585326953748
-0.06379585326953748
-0.06379585326953748
-0.06379585326953748
-0.06379585326953748
-0.06379585326953748
-0.06379585326953748
-0.06379585326953748
-0.06379585326953748
-0.06379585326953748
-0.06379585326953748
1.6
-0.06379585326953748
6.833333333333333
1.5714285714285714
1.5714285714285714
-1.875
1.5714285714285714
-2.4444444444444446
3.5
2.0
2.0
-7.5
11.8
-7.5
-3.5
-2.1666666666666665
-5.142857142857143
-7.0
-6.142857142857143
-0.47368421052631576
-1.4285714285714286
-0.18518518518518517
-0.4
-1.4285714285714286
1.5
-0.4
-0.36363636363636365
-2.5
-1.0
-0.5294117647058824
-0.2857142857142857
-0.18518518518518517
-0.06379585326953748
-0.06379585326953748
-0.06379585326953748
-0.06379585326953748
-0.06379585326953748
-0.06379585326953748
-0.06379585326953748
-0.06379585326953748
-0.06379585326953748
-0.06379585326953748
-0.06379585326953748
1.6
1.5555555555555556
1.5555555555555556
1.5555555555555556
1.5555555555555556
1.5555555555555556
2.4
2.2
6.714285714285714
2.142857142857143
-4.8
2.600000000000011
-3.3333333333333335
0.14285714285714285
3.5
3.6
2.0
3.6
11.8
-5.333333333333333
-5.166666666666667
4.444444444444445
3.0
-7.428571428571429
4.375
-2.375
-0.4
-0.47368421052631576
-0.47368421052631576
-0.18518518518518517
-0.6666666666666666
-0.47368421052631576
-2.5
0.2857142857142857
-0.18518518518518517
-0.06379585326953748
-0.06379585326953748
-0.06379585326953748
-0.06379585326953748
-0.06379585326953748
-0.06379585326953748
-0.06379585326953748
-0.06379585326953748
-0.06379585326953748
-0.06379585326953748
-0.06379585326953748
-0.06379585326953748
-0.06379585326953748
-0.06379585326953748
-0.06379585326953748
-0.06379585326953748
-0.06379585326953748
-0.06379585326953748
-0.06379585326953748
2.2
8.88888888888889
11.666666666666666
11.666666666666666
3.6
2.0
3.6
3.6
4.222222222222222
-2.375
-1.5714285714285714
-1.5714285714285714
3.5
3.6
3.5
3.6
3.6
3.6
-2.2
-2.375
-2.2
-0.18518518518518517
-0.18518518518518517
-1.5714285714285714
-7.0
4.375
3.0
3.0
1.1666666666666667
0.42857142857142855
-0.2727272727272727
-0.18518518518518517
-0.06379585326953748
-0.06379585326953748
-0.06379585326953748
-0.06379585326953748
-0.06379585326953748
-0.06379585326953748
-0.06379585326953748
-0.06379585326953748
-0.06379585326953748
-0.06379585326953748
-0.06379585326953748
-0.06379585326953748
-0.06379585326953748
-0.06379585326953748
-0.06379585326953748
-0.06379585326953748
-0.06379585326953748
-0.06379585326953748
-0.06379585326953748
-0.06379585326953748
-0.06379585326953748
-0.06379585326953748
-0.06379585326953748
1.6153846153846154
2.125
2.125
-0.5294117647058824
-0.5294117647058824
-0.5294117647058824
-0.5294117647058824
-0.5294117647058824
-0.18518518518518517
-0.5555555555555556
-1.5999999999999985
1.0
-1.5999999999999985
2.125
-1.5999999999999985
-0.06379585326953748
-0.06379585326953748
-0.06379585326953748
-0.06379585326953748
-0.06379585326953748
-0.06379585326953748
-0.06379585326953748
-0.06379585326953748