0.10909090909090909
0.10909090909090909
0.10909090909090909
0.10909090909090909
0.10909090909090909
0.10909090909090909
0.06382978723404255
0.06382978723404255
0.06382978723404255
0.06382978723404255
0.06382978723404255
0.06382978723404255
0.06382978723404255
0.06382978723404255
0.06382978723404255
0.5714285714285714
0.10909090909090909
0.10909090909090909
0.10909090909090909
0.10909090909090909
0.10909090909090909
0.10909090909090909
0.10909090909090909
0.10909090909090909
0.10909090909090909
-0.9
-0.9
0.10909090909090909
0.10909090909090909
0.10909090909090909
1.5714285714285714
-0.1935483870967742
-0.6428571428571429
0.030303030303030304
0.10909090909090909
-0.1935483870967742
0.10909090909090909
-0.1724137931034483
-2.0
-0.1935483870967742
-0.6428571428571429
-2.0
0.030303030303030304
0.10909090909090909
0.10909090909090909
-2.0
0.10909090909090909
0.10909090909090909
-0.1935483870967742
-0.1935483870967742
-1.0
0.10909090909090909
0.10909090909090909
0.06382978723404255
0.10909090909090909
0.10909090909090909
0.10909090909090909
0.10909090909090909
0.10909090909090909
0.10909090909090909
0.06382978723404255
11.2
0.6
2.7777777777777763
2.2
-1.2222222222222223
-0.42857142857142855
3.375
-0.16666666666666666
7.0
8.714285714285714
-3.25
-1.8
-1.8
-4.8
-4.8
0.7142857142857143
0.7142857142857143
-0.16666666666666666
-2.3333333333333335
-2.3333333333333335
-1.1428571428571428
-1.1428571428571428
-0.3
-0.6428571428571429
-0.1935483870967742
-2.0
0.030303030303030304
0.10909090909090909
0.10909090909090909
0.06382978723404255
0.06382978723404255
0.06382978723404255
0.06382978723404255
0.06382978723404255
0.06382978723404255
0.06382978723404255
0.06382978723404255
0.06382978723404255
0.06382978723404255
0.06382978723404255
0.06382978723404255
0.5714285714285714
1.8333333333333333
1.8333333333333333
1.8333333333333333
1.8333333333333333
1.8333333333333333
1.1111111111111096
11.2
6.333333333333333
-1.2222222222222223
-6.2
-0.42857142857142855
3.5714285714285716
-9.0
-9.0
4.555555555555555
-7.444444444444446
-4.666666666666667
3.799999999999997
7.0
3.799999999999997
-3.25
8.714285714285714
-2.125
-0.16666666666666666
-2.3333333333333335
0.030303030303030304
-2.6
-0.16666666666666666
0.25
-1.375
-0.16666666666666666
-1.6
-1.6
0.030303030303030304
-0.1935483870967742
-1.0
0.10909090909090909
0.10909090909090909
0.10909090909090909
0.06382978723404255
0.06382978723404255
0.06382978723404255
0.10909090909090909
0.10909090909090909
0.10909090909090909
0.10909090909090909
0.10909090909090909
0.10909090909090909
0.06382978723404255
0.06382978723404255
0.06382978723404255
1.4000000000000015
0.10909090909090909
6.555555555555555
1.2857142857142858
10.8
4.6
-1.8
-1.6
-4.8
-4.8
-7.444444444444446
-7.444444444444446
4.555555555555555
0.7142857142857143
-5.375
-3.4
-3.857142857142857
1.0
-0.16666666666666666
-0.16666666666666666
0.030303030303030304
0.030303030303030304
-1.8
-0.3
-0.6428571428571429
-0.7499999999999998
-0.6428571428571429
-0.4
-2.0
-0.18181818181818182
-0.6428571428571429
0.030303030303030304
0.10909090909090909
0.10909090909090909
0.10909090909090909
0.10909090909090909
0.06382978723404255
0.06382978723404255
0.06382978723404255
0.06382978723404255
0.06382978723404255
0.06382978723404255
0.06382978723404255
1.4000000000000015
2.2222222222222223
2.2222222222222223
2.2222222222222223
2.2222222222222223
2.2222222222222223
1.1111111111111096
1.1111111111111096
10.0
2.7777777777777763
0.0
-6.2
-0.42857142857142855
-9.666666666666666
-9.666666666666666
2.2
-1.8
4.555555555555555
2.0
0.7142857142857143
2.75
2.0
2.75
2.75
1.6666666666666667
-0.6
-0.7499999999999998
-0.16666666666666666
-0.16666666666666666
0.030303030303030304
-1.375
-0.7499999999999998
-0.4
-0.6428571428571429
0.030303030303030304
0.10909090909090909
0.10909090909090909
0.10909090909090909
0.10909090909090909
1.8333333333333333
0.10909090909090909
0.10909090909090909
0.10909090909090909
0.10909090909090909
0.10909090909090909
0.10909090909090909
0.06382978723404255
0.10909090909090909
0.10909090909090909
0.10909090909090909
0.10909090909090909
0.10909090909090909
0.10909090909090909
1.8333333333333333
3.9
11.2
14.5
-6.2
-7.444444444444446
-7.444444444444446
4.555555555555555
-8.0
2.75
-4.4
3.799999999999997
-2.0
-1.8
2.0
2.0
0.7142857142857143
2.75
2.75
-0.6
-2.3333333333333335
-0.6
0.030303030303030304
0.030303030303030304
3.799999999999997
1.0
8.714285714285714
-2.125
-2.125
-2.125
-0.3
-0.18181818181818182
0.030303030303030304
0.10909090909090909
0.10909090909090909
0.10909090909090909
0.10909090909090909
0.10909090909090909
0.06382978723404255
0.06382978723404255
0.06382978723404255
0.10909090909090909
0.10909090909090909
0.10909090909090909
0.10909090909090909
0.10909090909090909
0.10909090909090909
0.06382978723404255
0.06382978723404255
0.06382978723404255
0.06382978723404255
0.06382978723404255
0.06382978723404255
0.5714285714285714
1.8333333333333333
1.8333333333333333
2.1538461538461537
3.9
3.9
0.10909090909090909
0.10909090909090909
0.10909090909090909
0.10909090909090909
0.10909090909090909
0.030303030303030304
-0.9
-5.375
1.2857142857142858
3.9
3.9
3.9
0.10909090909090909
0.10909090909090909
0.10909090909090909
0.10909090909090909
0.10909090909090909
-2.0
0.10909090909090909
0.10909090909090909